x	y
0.625	3.29E-05
0.635	9.34E-05
0.645	5.89E-05
0.655	3.67E-05
0.665	0.000100806685658
0.675	8.49E-05
0.685	2.05E-05
0.695	4.82E-05
0.705	0.000100689060493
0.715	8.46E-05
0.725	0.000172491314962
0.735	2.35E-05
0.745	9.01E-05
0.755	0.000242987845013
0.765	0.000125925938149
0.775	0.00017366833996
0.785	0.000146456378396
0.795	0.00023161106282
0.805	0.000128014061426
0.815	0.000144748321226
0.825	0.000102472586919
0.835	0.000126885321843
0.845	9.94E-05
0.855	0.000176023938998
0.865	0.000115829512242
0.875	7.46E-05
0.885	5.77E-06
0.895	3.07E-05
0.905	5.84E-05
0.915	5.56E-05
0.925	8.07E-05
0.935	9.04E-06
0.945	5.18E-05
0.955	2.34E-05
0.965	4.37E-05
0.975	4.93E-05
0.985	6.85E-05
0.995	3.82E-05
1.005	0.000135246589164
1.015	0.000118104681251
1.025	0.000125962199746
1.035	9.97E-05
1.045	7.16E-05
1.055	0.00013500520928
1.065	0.000108588223888
1.075	8.56E-05
1.085	9.81E-05
1.095	5.61E-05
1.105	8.18E-06
1.115	2.87E-05
1.125	4.62E-05
1.135	4.57E-05
1.145	2.87E-05
1.155	3.66E-06
1.165	4.99E-05
1.175	4.78E-05
1.185	5.70E-05
1.195	4.60E-05
1.205	1.34E-05
1.215	4.96E-05
1.225	9.26E-05
1.235	8.02E-05
1.245	7.22E-05
1.255	0.000115308911872
1.265	0.000117288195109
1.275	8.73E-05
1.285	8.73E-05
1.295	0.000118361167126
1.305	8.98E-05
1.315	6.35E-05
1.325	7.09E-05
1.335	5.19E-05
1.345	6.83E-05
1.355	9.05E-05
1.365	2.77E-05
1.375	2.80E-06
1.385	4.71E-05
1.395	3.92E-05
1.405	1.04E-05
1.415	7.92E-06
1.425	1.53E-05
1.435	1.98E-05
1.445	2.42E-05
1.455	5.51E-05
1.465	4.17E-05
1.475	7.49E-05
1.485	3.20E-05
1.495	3.92E-06
1.505	0.000162527107089
1.515	0.000101718258208
1.525	8.89E-05
1.535	3.31E-05
1.545	2.64E-05
1.555	3.88E-05
1.565	4.04E-05
1.575	1.12E-06
1.585	1.31E-05
1.595	1.58E-05
1.605	9.74E-06
1.615	2.59E-05
1.625	3.67E-06
1.635	2.59E-05
1.645	2.92E-05
1.655	1.68E-05
1.665	3.21E-05
1.675	5.60E-05
1.685	5.45E-05
1.695	5.77E-05
1.705	6.53E-05
1.715	0.000107183053972
1.725	9.16E-05
1.735	0.000109529960552
1.745	3.87E-05
1.755	9.09E-05
1.765	6.60E-05
1.775	3.94E-05
1.785	7.27E-05
1.795	0.000105119596492
1.805	7.60E-05
1.815	1.61E-05
1.825	7.85E-05
1.835	8.04E-05
1.845	5.25E-05
1.855	2.58E-05
1.865	5.55E-07
1.875	5.34E-05
1.885	1.38E-05
1.895	2.35E-06
1.905	1.87E-05
1.915	3.21E-05
1.925	4.23E-05
1.935	4.89E-05
1.945	8.23E-05
1.955	8.10E-05
1.965	0.000105899210025
1.975	9.57E-05
1.985	0.000111066329596
1.995	0.000121330517548
2.005	5.69E-05
2.015	5.77E-05
2.025	3.38E-05
2.035	1.44E-05
2.045	4.72E-06
2.055	6.10E-05
2.065	6.31E-05
2.075	4.17E-05
2.085	5.82E-05
2.095	5.16E-05
2.105	2.23E-05
2.115	2.97E-05
2.125	1.81E-05
2.135	4.38E-05
2.145	4.75E-05
2.155	2.95E-05
2.165	1.01E-05
2.175	7.09E-05
2.185	6.14E-05
2.195	1.18E-05
2.205	4.40E-05
2.215	6.62E-05
2.225	4.78E-05
2.235	4.95E-05
2.245	1.03E-05
2.255	0.000100656548392
2.265	0.000100393700622
2.275	8.06E-05
2.285	7.21E-05
2.295	7.49E-05
2.305	8.92E-05
2.315	5.42E-05
2.325	3.11E-05
2.335	1.99E-05
2.345	2.10E-05
2.355	3.44E-05
2.365	2.97E-05
2.375	7.20E-06
2.385	2.54E-06
2.395	6.63E-07
2.405	1.36E-05
2.415	4.51E-05
2.425	6.33E-05
2.435	6.79E-05
2.445	5.89E-05
2.455	3.61E-05
2.465	2.99E-05
2.475	4.01E-05
2.485	6.67E-05
2.495	4.84E-05
2.505	0.000106361489953
2.515	0.000153662926703
2.525	0.000185154524198
2.535	0.000200961261897
2.545	0.000170689064986
2.555	0.000155495140043
2.565	0.000124982528983
2.575	7.93E-05
2.585	7.95E-05
2.595	0.000125823258477
2.605	0.000126767002205
2.615	0.000143492048136
2.625	0.000115075731087
2.635	7.21E-05
2.645	4.53E-05
2.655	2.63E-05
2.665	9.97E-06
2.675	6.27E-05
2.685	7.09E-05
2.695	9.57E-05
2.705	7.63E-05
2.715	7.37E-05
2.725	5.75E-05
2.735	2.60E-06
2.745	4.60E-05
2.755	0.000142296120503
2.765	0.000164414271173
2.775	0.000173452276523
2.785	0.000138986660497
2.795	0.000122145669562
2.805	9.25E-05
2.815	5.02E-05
2.825	8.67E-05
2.835	8.03E-05
2.845	9.19E-05
2.855	9.11E-05
2.865	4.76E-05
2.875	2.24E-05
2.885	1.49E-05
2.895	3.37E-05
2.905	3.38E-06
2.915	1.51E-05
2.925	5.23E-05
2.935	4.73E-05
2.945	3.07E-05
2.955	3.31E-05
2.965	6.51E-06
2.975	3.56E-06
2.985	3.29E-05
2.995	2.04E-05
3.005	0.000118876580921
3.015	0.000114722757274
3.025	9.96E-05
3.035	4.30E-05
3.045	6.03E-06
3.055	4.99E-05
3.065	8.30E-05
3.075	7.49E-05
3.085	8.68E-05
3.095	8.82E-05
3.105	7.91E-05
3.115	5.97E-05
3.125	3.00E-05
3.135	5.10E-05
3.145	6.19E-05
3.155	6.27E-05
3.165	5.34E-05
3.175	3.42E-05
3.185	5.02E-06
3.195	3.40E-05
3.205	8.28E-05
3.215	4.98E-05
3.225	2.65E-05
3.235	1.28E-05
3.245	8.67E-06
3.255	7.75E-05
3.265	6.27E-05
3.275	3.86E-05
3.285	3.56E-05
3.295	5.39E-05
3.305	6.29E-05
3.315	6.28E-05
3.325	5.37E-05
3.335	3.54E-05
3.345	8.20E-06
3.355	2.80E-05
3.365	1.20E-05
3.375	2.57E-05
3.385	2.41E-05
3.395	4.42E-05
3.405	5.57E-05
3.415	2.81E-05
3.425	2.24E-05
3.435	2.24E-05
3.445	1.59E-05
3.455	1.53E-05
3.465	3.69E-05
3.475	5.00E-05
3.485	2.44E-05
3.495	2.11E-05
3.505	7.06E-05
3.515	5.10E-05
3.525	5.38E-05
3.535	7.90E-05
3.545	9.63E-05
3.555	0.000105551536454
3.565	7.64E-05
3.575	6.99E-05
3.585	5.56E-05
3.595	3.35E-05
3.605	6.47E-05
3.615	8.82E-05
3.625	7.35E-05
3.635	8.18E-05
3.645	8.24E-05
3.655	7.56E-05
3.665	6.12E-05
3.675	3.95E-05
3.685	4.08E-05
3.695	6.53E-05
3.705	5.19E-05
3.715	3.13E-05
3.725	3.39E-05
3.735	1.20E-06
3.745	4.35E-05
3.755	2.92E-05
3.765	3.37E-05
3.775	6.18E-05
3.785	5.22E-05
3.795	3.57E-05
3.805	4.28E-05
3.815	1.24E-05
3.825	2.48E-05
3.835	7.81E-06
3.845	3.29E-05
3.855	3.63E-05
3.865	6.35E-05
3.875	5.35E-05
3.885	3.68E-05
3.895	4.40E-05
3.905	1.41E-05
3.915	3.87E-05
3.925	5.68E-05
3.935	6.84E-05
3.945	7.35E-05
3.955	7.22E-05
3.965	6.44E-05
3.975	5.04E-05
3.985	3.00E-05
3.995	3.38E-05
4.005	9.24E-05
4.015	8.37E-05
4.025	6.89E-05
4.035	4.78E-05
4.045	2.06E-05
4.055	1.27E-05
4.065	5.21E-05
4.075	5.96E-06
4.085	3.61E-06
4.095	7.20E-06
4.105	4.82E-06
4.115	3.50E-06
4.125	1.77E-05
4.135	3.78E-05
4.145	3.32E-05
4.155	3.45E-05
4.165	1.10E-05
4.175	2.38E-05
4.185	1.19E-05
4.195	3.61E-05
4.205	3.55E-05
4.215	4.06E-05
4.225	5.13E-05
4.235	3.71E-05
4.245	2.84E-05
4.255	3.57E-05
4.265	6.38E-05
4.275	5.58E-05
4.285	4.24E-05
4.295	2.36E-05
4.305	2.98E-05
4.315	3.07E-05
4.325	2.62E-05
4.335	1.63E-05
4.345	3.16E-05
4.355	1.11E-05
4.365	1.46E-05
4.375	4.56E-05
4.385	2.08E-05
4.395	1.22E-06
4.405	1.32E-05
4.415	2.25E-05
4.425	2.66E-05
4.435	8.67E-05
4.445	8.07E-05
4.455	6.95E-05
4.465	5.34E-05
4.475	3.22E-05
4.485	6.07E-06
4.495	2.51E-05
4.505	9.72E-08
4.515	1.99E-05
4.525	3.51E-05
4.535	4.53E-05
4.545	5.07E-05
4.555	0.000112249461922
4.565	0.000107967171932
4.575	9.89E-05
4.585	8.50E-05
4.595	0.000127447213901
4.605	0.00010409548852
4.615	7.60E-05
4.625	4.33E-05
4.635	6.69E-05
4.645	2.48E-05
4.655	2.20E-05
4.665	4.88E-05
4.675	5.39E-05
4.685	5.44E-05
4.695	5.04E-05
4.705	0.000102823818593
4.715	8.97E-05
4.725	7.22E-05
4.735	5.01E-05
4.745	8.46E-05
4.755	0.000114664747354
4.765	7.93E-05
4.775	3.95E-05
4.785	5.63E-05
4.795	7.79E-06
4.805	1.59E-05
4.815	1.97E-05
4.825	8.03E-05
4.835	7.55E-05
4.845	6.64E-05
4.855	0.000114082212038
4.865	9.65E-05
4.875	7.47E-05
4.885	4.87E-05
4.895	7.95E-05
4.905	4.51E-05
4.915	6.60E-06
4.925	3.61E-05
4.935	2.18E-05
4.945	1.17E-05
4.955	5.66E-06
4.965	5.73E-05
4.975	5.53E-05
4.985	4.91E-05
4.995	3.90E-05
5.005	8.59E-05
5.015	6.77E-05
5.025	4.56E-05
5.035	1.95E-05
5.045	1.05E-05
5.055	1.65E-05
5.065	2.14E-05
5.075	2.09E-06
5.085	1.33E-05
5.095	2.48E-05
5.105	3.25E-05
5.115	3.63E-05
5.125	3.63E-05
5.135	3.25E-05
5.145	8.59E-05
5.155	7.45E-05
5.165	5.94E-05
5.175	4.05E-05
5.185	1.79E-05
5.195	8.45E-06
5.205	3.85E-05
5.215	1.12E-05
5.225	1.24E-05
5.235	3.24E-05
5.245	4.87E-05
5.255	6.14E-05
5.265	7.04E-05
5.275	7.58E-05
5.285	7.77E-05
5.295	7.60E-05
5.305	7.07E-05
5.315	6.18E-05
5.325	1.16E-05
5.335	2.75E-05
5.345	4.70E-05
5.355	6.99E-05
5.365	3.53E-05
5.375	4.12E-06
5.385	2.36E-05
5.395	1.32E-05
5.405	7.56E-06
5.415	2.49E-05
5.425	2.21E-05
5.435	1.16E-05
5.445	4.39E-06
5.455	5.84E-07
5.465	6.12E-05
5.475	6.41E-05
5.485	7.03E-05
5.495	7.99E-05
5.505	2.93E-05
5.515	1.32E-05
5.525	5.47E-05
5.535	9.30E-05
5.545	6.70E-05
5.555	9.88E-05
5.565	6.63E-05
5.575	9.16E-05
5.585	0.000113729396164
5.595	7.16E-05
5.605	8.73E-05
5.615	3.88E-05
5.625	4.81E-05
5.635	5.43E-05
5.645	5.73E-05
5.655	0.000118234568084
5.665	0.00011499994872
5.675	0.000108649304966
5.685	9.92E-05
5.695	8.66E-05
5.705	7.10E-05
5.715	0.000113340215524
5.725	9.16E-05
5.735	6.68E-05
5.745	3.89E-05
5.755	6.90E-05
5.765	3.51E-05
5.775	5.93E-05
5.785	8.04E-05
5.795	9.85E-05
5.805	0.000113658118605
5.815	0.000125844564378
5.825	0.000135073670514
5.835	0.000141355582269
5.845	8.37E-05
5.855	8.41E-05
5.865	8.16E-05
5.875	7.62E-05
5.885	6.79E-05
5.895	5.67E-05
5.905	4.26E-05
5.915	2.57E-05
5.925	6.69E-05
5.935	4.43E-05
5.945	7.98E-05
5.955	5.15E-05
5.965	8.14E-05
5.975	4.75E-05
5.985	7.18E-05
5.995	3.22E-05
6.005	5.10E-05
6.015	6.69E-05
6.025	1.90E-05
6.035	2.95E-05
6.045	2.39E-05
6.055	1.89E-05
6.065	4.43E-05
6.075	4.38E-05
6.085	4.06E-05
6.095	3.47E-05
6.105	2.61E-05
6.115	1.48E-05
6.125	6.19E-05
6.135	4.52E-05
6.145	2.60E-05
6.155	4.02E-06
6.165	2.06E-05
6.175	1.33E-05
6.185	1.65E-05
6.195	1.20E-05
6.205	3.80E-05
6.215	3.93E-07
6.225	2.12E-05
6.235	3.94E-05
6.245	5.51E-05
6.255	6.82E-05
6.265	7.87E-05
6.275	8.67E-05
6.285	3.11E-05
6.295	3.40E-05
6.305	3.44E-05
6.315	3.22E-05
6.325	2.76E-05
6.335	2.05E-05
6.345	7.19E-05
6.355	5.98E-05
6.365	4.52E-05
6.375	8.92E-05
6.385	6.97E-05
6.395	4.77E-05
6.405	8.43E-05
6.415	5.75E-05
6.425	2.82E-05
6.435	5.75E-05
6.445	2.34E-05
6.455	1.31E-05
6.465	8.97E-06
6.475	2.87E-05
6.485	4.60E-05
6.495	6.10E-05
6.505	7.36E-05
6.515	8.38E-05
6.525	9.16E-05
6.535	9.72E-05
6.545	0.000100325143113
6.555	0.000101164090663
6.565	9.97E-05
6.575	9.59E-05
6.585	8.97E-05
6.595	8.13E-05
6.605	7.06E-05
6.615	5.76E-05
6.625	0.000103301559786
6.635	8.57E-05
6.645	6.59E-05
6.655	0.000104779972075
6.665	8.04E-05
6.675	0.000114809755063
6.685	8.59E-05
6.695	5.48E-05
6.705	8.25E-05
6.715	4.70E-05
6.725	9.17E-06
6.735	3.02E-05
6.745	1.20E-05
6.755	6.57E-05
6.765	8.01E-05
6.775	9.24E-05
6.785	0.000102476880582
6.795	4.94E-05
6.805	5.51E-05
6.815	5.87E-05
6.825	6.01E-05
6.835	5.94E-05
6.845	5.65E-05
6.855	5.16E-05
6.865	4.44E-05
6.875	3.52E-05
6.885	2.38E-05
6.895	7.14E-05
6.905	5.58E-05
6.915	3.82E-05
6.925	7.95E-05
6.935	5.76E-05
6.945	9.47E-05
6.955	6.87E-05
6.965	4.07E-05
6.975	7.16E-05
6.985	3.94E-05
6.995	5.18E-06
7.005	2.99E-05
7.015	5.27E-05
7.025	7.34E-05
7.035	3.10E-05
7.045	4.76E-05
7.055	6.23E-05
7.065	7.49E-05
7.075	2.45E-05
7.085	3.31E-05
7.095	3.97E-05
7.105	4.44E-05
7.115	4.70E-05
7.125	1.33E-05
7.135	1.46E-05
7.145	1.79E-05
7.155	2.31E-05
7.165	3.02E-05
7.175	2.17E-05
7.185	1.07E-05
7.195	5.87E-05
7.205	4.38E-05
7.215	2.69E-05
7.225	6.92E-05
7.235	4.85E-05
7.245	2.59E-05
7.255	6.25E-05
7.265	9.71E-05
7.275	6.88E-05
7.285	3.86E-05
7.295	6.76E-05
7.305	3.37E-05
7.315	5.89E-05
7.325	8.22E-05
7.335	4.27E-05
7.345	6.23E-05
7.355	8.01E-05
7.365	3.49E-05
7.375	4.90E-05
7.385	6.13E-05
7.395	1.06E-05
7.405	1.92E-05
7.415	2.60E-05
7.425	3.01E-05
7.435	2.70E-05
7.445	2.57E-05
7.455	2.62E-05
7.465	2.85E-05
7.475	3.26E-05
7.485	2.26E-05
7.495	1.49E-05
7.505	5.50E-06
7.515	5.72E-06
7.525	1.87E-05
7.535	2.76E-05
7.545	1.11E-05
7.555	7.20E-06
7.565	2.72E-05
7.575	4.90E-05
7.585	1.15E-05
7.595	3.67E-05
7.605	2.67E-06
7.615	3.14E-05
7.625	7.83E-07
7.635	3.29E-05
7.645	5.78E-06
7.655	4.14E-05
7.665	1.76E-05
7.675	5.66E-05
7.685	3.63E-05
7.695	7.86E-05
7.705	6.17E-05
7.715	4.64E-05
7.725	3.28E-05
7.735	2.09E-05
7.745	1.06E-05
7.755	2.05E-06
7.765	4.87E-06
7.775	1.01E-05
7.785	1.37E-05
7.795	1.57E-05
7.805	1.60E-05
7.815	1.47E-05
7.825	1.17E-05
7.835	7.13E-06
7.845	8.98E-07
7.855	6.95E-06
7.865	1.64E-05
7.875	3.35E-05
7.885	2.08E-05
7.895	6.50E-06
7.905	9.41E-06
7.915	3.41E-05
7.925	1.50E-05
7.935	5.71E-06
7.945	2.80E-05
7.955	5.19E-05
7.965	1.63E-05
7.975	4.33E-05
7.985	7.19E-05
7.995	4.11E-05
8.005	1.18E-05
8.015	1.60E-05
8.025	1.89E-05
8.035	5.73E-06
8.045	2.88E-05
8.055	1.07E-05
8.065	9.30E-06
8.075	2.78E-05
8.085	1.64E-05
8.095	9.71E-07
8.105	1.29E-05
8.115	3.58E-05
8.125	2.50E-05
8.135	1.57E-05
8.145	7.87E-06
8.155	5.95E-05
8.165	6.42E-05
8.175	6.75E-05
8.185	6.93E-05
8.195	6.96E-05
8.205	6.84E-05
8.215	0.000126790551731
8.225	0.000122632588936
8.235	0.000116996442104
8.245	0.000109885699062
8.255	0.000162339090841
8.265	0.000152289866738
8.275	0.000140776731877
8.285	0.000127803222276
8.295	0.000174408017408
8.305	0.000158524315258
8.315	0.000141190769891
8.325	0.000122410866507
8.335	0.000102188077757
8.345	0.000141561020048
8.355	0.000118462828607
8.365	9.39E-05
8.375	6.80E-05
8.385	4.06E-05
8.395	7.28E-05
8.405	0.000103622329329
8.415	7.20E-05
8.425	1.00E-04
8.435	0.000126532404181
8.445	0.000151698697263
8.455	0.000114427663044
8.465	0.000136792928849
8.475	0.000157762641514
8.485	0.000116304936189
8.495	0.000134493405145
8.505	0.000151296160325
8.515	0.000166716458402
8.525	0.00018075754458
8.535	0.000193422652654
8.545	0.000143679848804
8.555	0.000153602656657
8.565	0.000162159119833
8.575	0.000108317270754
8.585	0.000114150599439
8.595	0.000118627116062
8.605	0.000121749976003
8.615	6.25E-05
8.625	6.29E-05
8.635	6.20E-05
8.645	5.97E-05
8.655	5.61E-05
8.665	5.12E-05
8.675	0.000105970364173
8.685	9.84E-05
8.695	8.95E-05
8.705	0.000140249001402
8.715	0.000128686784484
8.725	0.000115807932241
8.735	0.00010161546102
8.745	0.000147147533065
8.755	0.000130336831565
8.765	0.000173256654448
8.775	0.000153839664429
8.785	0.000133123982811
8.795	0.000111112564522
8.805	0.00014884351067
8.815	0.000124249443584
8.825	9.84E-05
8.835	0.00013223858416
8.845	0.000103792455498
8.855	7.41E-05
8.865	4.31E-05
8.875	7.18E-05
8.885	3.83E-05
8.895	3.48E-06
8.905	3.26E-05
8.915	8.89E-06
8.925	1.36E-05
8.935	3.47E-05
8.945	5.47E-05
8.955	1.23E-05
8.965	2.98E-05
8.975	4.60E-05
8.985	6.09E-05
8.995	7.46E-05
9.005	8.71E-05
9.015	9.84E-05
9.025	0.000108367500194
9.035	5.61E-05
9.045	6.37E-05
9.055	7.00E-05
9.065	7.51E-05
9.075	7.90E-05
9.085	2.07E-05
9.095	2.22E-05
9.105	2.24E-05
9.115	2.15E-05
9.125	1.94E-05
9.135	4.50E-05
9.145	4.96E-05
9.155	5.53E-05
9.165	6.22E-05
9.175	7.03E-05
9.185	1.86E-05
9.195	2.91E-05
9.205	2.03E-05
9.215	7.40E-06
9.225	6.64E-06
9.235	3.92E-05
9.245	2.28E-05
9.255	6.63E-05
9.265	4.76E-05
9.275	2.77E-05
9.285	6.77E-05
9.295	4.55E-05
9.305	2.21E-05
9.315	5.86E-05
9.325	3.29E-05
9.335	6.13E-06
9.345	3.92E-05
9.355	1.01E-05
9.365	4.09E-05
9.375	9.46E-06
9.385	2.31E-05
9.395	4.29E-06
9.405	3.05E-05
9.415	6.64E-05
9.425	4.25E-05
9.435	1.96E-05
9.445	2.10E-06
9.455	2.27E-05
9.465	4.22E-05
9.475	4.76E-07
9.485	1.68E-05
9.495	3.29E-05
9.505	4.80E-05
9.515	6.19E-05
9.525	7.47E-05
9.535	8.64E-05
9.545	3.60E-05
9.555	4.55E-05
9.565	5.40E-05
9.575	6.13E-05
9.585	6.75E-05
9.595	7.27E-05
9.605	1.57E-05
9.615	1.87E-05
9.625	2.06E-05
9.635	2.14E-05
9.645	2.12E-05
9.655	4.12E-05
9.665	4.36E-05
9.675	4.70E-05
9.685	5.16E-05
9.695	5.72E-05
9.705	2.83E-06
9.715	1.06E-05
9.725	1.93E-05
9.735	3.18E-05
9.745	2.09E-05
9.755	8.98E-06
9.765	5.70E-05
9.775	4.29E-05
9.785	2.78E-05
9.795	7.27E-05
9.805	5.55E-05
9.815	3.73E-05
9.825	1.80E-05
9.835	5.88E-05
9.845	3.74E-05
9.855	1.51E-05
9.865	5.27E-05
9.875	2.83E-05
9.885	2.83E-06
9.895	2.36E-05
9.905	9.89E-06
9.915	1.86E-05
9.925	4.82E-05
9.935	1.77E-05
9.945	4.92E-05
9.955	2.08E-05
9.965	6.69E-06
9.975	2.79E-05
9.985	2.46E-06
9.995	2.20E-05
10.005	4.54E-05
10.015	6.79E-05
10.025	2.83E-05
10.035	4.87E-05
10.045	6.82E-05
10.055	8.66E-05
10.065	4.31E-05
10.075	5.95E-05
10.085	7.51E-05
10.095	8.96E-05
10.105	4.21E-05
10.115	5.46E-05
10.125	6.62E-05
10.135	7.68E-05
10.145	2.54E-05
10.155	3.41E-05
10.165	4.18E-05
10.175	4.85E-05
10.185	6.80E-06
10.195	2.01E-06
10.205	6.29E-05
10.215	6.57E-05
10.225	6.76E-05
10.235	6.86E-05
10.245	6.86E-05
10.255	0.000128672774344
10.265	0.000126769220897
10.275	0.000123916632298
10.285	0.00012011685492
10.295	0.000115371729753
10.305	0.000109683092422
10.315	0.000103052773215
10.325	0.000156517753346
10.335	0.000148009539982
10.345	0.000138565103756
10.355	0.000128186253797
10.365	0.000116874793993
10.375	0.000104632523012
10.385	9.15E-05
10.395	7.74E-05
10.405	0.000123373908098
10.415	0.000107426275435
10.425	9.06E-05
10.435	7.28E-05
10.445	5.41E-05
10.455	3.44E-05
10.465	7.49E-05
10.475	5.35E-05
10.485	9.21E-05
10.495	6.89E-05
10.505	0.000105728828214
10.515	8.06E-05
10.525	0.000115684255945
10.535	8.88E-05
10.545	0.000122028774488
10.555	9.33E-05
10.565	6.37E-05
10.575	9.43E-05
10.585	6.29E-05
10.595	9.17E-05
10.605	5.85E-05
10.615	8.55E-05
10.625	5.05E-05
10.635	7.57E-05
10.645	3.90E-05
10.655	1.43E-06
10.665	2.40E-05
10.675	1.54E-05
10.685	5.44E-06
10.695	3.57E-05
10.705	1.66E-05
10.715	5.95E-05
10.725	4.22E-05
10.735	2.57E-05
10.745	1.02E-05
10.755	4.55E-06
10.765	1.84E-05
10.775	3.14E-05
10.785	4.35E-05
10.795	5.47E-05
10.805	6.51E-05
10.815	7.47E-05
10.825	2.23E-05
10.835	3.02E-05
10.845	3.72E-05
10.855	4.33E-05
10.865	4.86E-05
10.875	5.30E-05
10.885	5.66E-05
10.895	5.93E-05
10.905	6.12E-05
10.915	6.23E-05
10.925	1.49E-06
10.935	8.81E-07
10.945	5.70E-07
10.955	2.86E-06
10.965	5.97E-06
10.975	9.92E-06
10.985	1.47E-05
10.995	2.03E-05
11.005	3.43E-05
11.015	2.70E-05
11.025	1.89E-05
11.035	7.11E-05
11.045	6.13E-05
11.055	5.08E-05
11.065	3.94E-05
11.075	8.83E-05
11.085	7.53E-05
11.095	6.15E-05
11.105	4.68E-05
11.115	3.14E-05
11.125	7.62E-05
11.135	5.91E-05
11.145	4.13E-05
11.155	2.26E-05
11.165	6.42E-05
11.175	4.39E-05
11.185	2.28E-05
11.195	9.41E-07
11.205	2.17E-05
11.215	1.58E-05
11.225	8.42E-06
11.235	2.76E-05
11.245	1.71E-06
11.255	3.61E-05
11.265	6.97E-05
11.275	4.15E-05
11.285	7.35E-05
11.295	4.37E-05
11.305	7.42E-05
11.315	0.0001038884605
11.325	7.18E-05
11.335	9.99E-05
11.345	6.62E-05
11.355	9.27E-05
11.365	0.000118535429507
11.375	8.25E-05
11.385	0.000106758109453
11.395	6.92E-05
11.405	9.19E-05
11.415	0.000113826856759
11.425	7.40E-05
11.435	9.44E-05
11.445	0.00011398856078
11.455	7.18E-05
11.465	8.99E-05
11.475	4.62E-05
11.485	6.28E-05
11.495	7.87E-05
11.505	9.37E-05
11.515	0.000108052803899
11.525	6.06E-05
11.535	7.34E-05
11.545	8.55E-05
11.555	9.68E-05
11.565	0.000107319120902
11.575	0.000117131222298
11.585	6.52E-05
11.595	7.35E-05
11.605	8.11E-05
11.615	8.79E-05
11.625	9.40E-05
11.635	9.93E-05
11.645	4.29E-05
11.655	4.68E-05
11.665	4.99E-05
11.675	5.23E-05
11.685	5.40E-05
11.695	5.50E-05
11.705	5.87E-06
11.715	6.39E-06
11.725	7.64E-06
11.735	9.62E-06
11.745	1.23E-05
11.755	1.58E-05
11.765	1.99E-05
11.775	3.63E-05
11.785	3.07E-05
11.795	2.43E-05
11.805	1.73E-05
11.815	7.06E-05
11.825	6.21E-05
11.835	5.29E-05
11.845	4.30E-05
11.855	3.24E-05
11.865	8.21E-05
11.875	7.01E-05
11.885	5.74E-05
11.895	4.39E-05
11.905	9.08E-05
11.915	7.59E-05
11.925	6.04E-05
11.935	4.41E-05
11.945	2.71E-05
11.955	7.05E-05
11.965	5.21E-05
11.975	3.31E-05
11.985	1.33E-05
11.995	5.39E-05
12.005	3.27E-05
12.015	7.19E-05
12.025	4.93E-05
12.035	8.71E-05
12.045	6.32E-05
12.055	9.96E-05
12.065	7.43E-05
12.075	0.000109367507386
12.085	8.27E-05
12.095	5.53E-05
12.105	8.83E-05
12.115	5.96E-05
12.125	9.12E-05
12.135	6.11E-05
12.145	9.14E-05
12.155	5.99E-05
12.165	8.89E-05
12.175	5.61E-05
12.185	8.36E-05
12.195	4.95E-05
12.205	1.46E-05
12.215	4.02E-05
12.225	4.03E-06
12.235	2.82E-05
12.245	9.26E-06
12.255	1.36E-05
12.265	2.52E-05
12.275	3.69E-06
12.285	1.72E-05
12.295	3.74E-05
12.305	4.08E-06
12.315	1.48E-05
12.325	3.30E-05
12.335	5.06E-05
12.345	6.75E-05
12.355	2.28E-05
12.365	3.84E-05
12.375	5.33E-05
12.385	6.76E-05
12.395	2.02E-05
12.405	3.32E-05
12.415	4.56E-05
12.425	5.73E-05
12.435	7.26E-06
12.445	1.77E-05
12.455	2.74E-05
12.465	3.65E-05
12.475	1.60E-05
12.485	8.21E-06
12.495	1.03E-06
12.505	5.52E-06
12.515	1.14E-05
12.525	1.67E-05
12.535	2.13E-05
12.545	2.53E-05
12.555	2.87E-05
12.565	3.14E-05
12.575	3.35E-05
12.585	3.49E-05
12.595	3.57E-05
12.605	3.59E-05
12.615	3.55E-05
12.625	3.44E-05
12.635	3.28E-05
12.645	3.04E-05
12.655	8.85E-05
12.665	8.50E-05
12.675	8.08E-05
12.685	7.60E-05
12.695	7.05E-05
12.705	6.45E-05
12.715	5.78E-05
12.725	5.05E-05
12.735	4.26E-05
12.745	3.41E-05
12.755	8.59E-05
12.765	7.62E-05
12.775	6.58E-05
12.785	5.48E-05
12.795	4.32E-05
12.805	9.21E-05
12.815	7.93E-05
12.825	6.58E-05
12.835	0.000112826041854
12.845	9.82E-05
12.855	8.29E-05
12.865	0.000128121514957
12.875	0.0001116652998
12.885	9.46E-05
12.895	7.69E-05
12.905	0.000119715983077
12.915	0.000100852329054
12.925	8.14E-05
12.935	0.000122362512993
12.945	0.000101703047251
12.955	8.04E-05
12.965	0.000119629928128
12.975	9.72E-05
12.985	7.41E-05
12.995	0.000111543093454
13.005	8.73E-05
13.015	6.25E-05
13.025	9.81E-05
13.035	7.21E-05
13.045	4.55E-05
13.055	7.94E-05
13.065	5.16E-05
13.075	8.43E-05
13.085	0.000116438325859
13.095	8.69E-05
13.105	0.00011786021287
13.115	8.72E-05
13.125	0.000116953008937
13.135	8.51E-05
13.145	0.000113723806844
13.155	8.07E-05
13.165	0.000108179667023
13.175	7.40E-05
13.185	0.00010032761775
13.195	6.50E-05
13.205	9.02E-05
13.215	0.000114755087503
13.225	7.77E-05
13.235	0.000101163804064
13.245	6.30E-05
13.255	8.53E-05
13.265	0.000107014933453
13.275	6.71E-05
13.285	8.77E-05
13.295	4.67E-05
13.305	6.62E-05
13.315	8.51E-05
13.325	4.24E-05
13.335	6.01E-05
13.345	7.73E-05
13.355	9.40E-05
13.365	4.90E-05
13.375	6.45E-05
13.385	7.95E-05
13.395	9.39E-05
13.405	4.67E-05
13.415	6.00E-05
13.425	7.27E-05
13.435	8.49E-05
13.445	9.65E-05
13.455	4.66E-05
13.465	5.71E-05
13.475	6.71E-05
13.485	7.65E-05
13.495	2.43E-05
13.505	3.26E-05
13.515	4.04E-05
13.525	4.76E-05
13.535	5.43E-05
13.545	6.04E-05
13.555	4.99E-06
13.565	1.00E-05
13.575	1.45E-05
13.585	1.85E-05
13.595	2.19E-05
13.605	2.48E-05
13.615	2.71E-05
13.625	2.89E-05
13.635	3.02E-05
13.645	3.09E-05
13.655	3.10E-05
13.665	3.07E-05
13.675	2.98E-05
13.685	2.84E-05
13.695	2.64E-05
13.705	2.39E-05
13.715	2.09E-05
13.725	1.73E-05
13.735	1.32E-05
13.745	8.62E-06
13.755	6.45E-05
13.765	5.88E-05
13.775	5.26E-05
13.785	4.59E-05
13.795	3.86E-05
13.805	3.08E-05
13.815	2.25E-05
13.825	1.37E-05
13.835	4.35E-06
13.845	5.53E-06
13.855	4.51E-05
13.865	3.42E-05
13.875	2.27E-05
13.885	1.08E-05
13.895	5.93E-05
13.905	4.63E-05
13.915	3.28E-05
13.925	1.88E-05
13.935	6.53E-05
13.945	5.02E-05
13.955	3.46E-05
13.965	1.86E-05
13.975	1.95E-06
13.985	4.59E-05
13.995	2.82E-05
14.005	1.01E-05
14.015	5.25E-05
14.025	3.33E-05
14.035	1.37E-05
14.045	6.49E-06
14.055	3.39E-05
14.065	1.27E-05
14.075	9.01E-06
14.085	3.12E-05
14.095	7.14E-06
14.105	1.61E-05
14.115	2.13E-05
14.125	2.94E-06
14.135	3.34E-05
14.145	8.18E-06
14.155	4.35E-05
14.165	1.73E-05
14.175	5.16E-05
14.185	2.44E-05
14.195	5.78E-05
14.205	2.96E-05
14.215	6.19E-05
14.225	3.27E-05
14.235	3.04E-06
14.245	3.39E-05
14.255	6.43E-05
14.265	3.31E-05
14.275	6.25E-05
14.285	3.03E-05
14.295	5.88E-05
14.305	2.56E-05
14.315	7.98E-06
14.325	1.90E-05
14.335	4.54E-05
14.345	1.03E-05
14.355	3.58E-05
14.365	6.08E-05
14.375	2.43E-05
14.385	4.83E-05
14.395	1.08E-05
14.405	3.39E-05
14.415	5.64E-05
14.425	1.75E-05
14.435	3.91E-05
14.445	7.87E-07
14.455	1.99E-05
14.465	4.00E-05
14.475	1.29E-06
14.485	1.79E-05
14.495	3.67E-05
14.505	6.09E-06
14.515	1.17E-05
14.525	2.90E-05
14.535	1.52E-05
14.545	1.20E-06
14.555	1.71E-05
14.565	2.85E-05
14.575	1.36E-05
14.585	6.01E-05
14.595	4.61E-05
14.605	3.25E-05
14.615	1.95E-05
14.625	6.86E-06
14.635	5.28E-06
14.645	4.41E-05
14.655	3.29E-05
14.665	2.21E-05
14.675	1.19E-05
14.685	2.05E-06
14.695	7.30E-06
14.705	4.48E-05
14.715	3.64E-05
14.725	2.85E-05
14.735	2.10E-05
14.745	1.39E-05
14.755	7.35E-06
14.765	1.23E-06
14.775	4.43E-06
14.785	9.64E-06
14.795	4.67E-05
14.805	4.24E-05
14.815	3.85E-05
14.825	3.52E-05
14.835	3.22E-05
14.845	2.98E-05
14.855	2.77E-05
14.865	2.62E-05
14.875	2.51E-05
14.885	2.44E-05
14.895	2.42E-05
14.905	2.45E-05
14.915	2.52E-05
14.925	2.63E-05
14.935	2.79E-05
14.945	2.99E-05
14.955	3.24E-05
14.965	2.57E-05
14.975	2.23E-05
14.985	1.85E-05
14.995	1.42E-05
15.005	9.46E-06
15.015	4.29E-06
15.025	1.32E-06
15.035	7.37E-06
15.045	1.39E-05
15.055	4.02E-05
15.065	3.29E-05
15.075	2.50E-05
15.085	1.68E-05
15.095	8.09E-06
15.105	1.04E-06
15.115	1.06E-05
15.125	2.06E-05
15.135	3.00E-05
15.145	1.91E-05
15.155	7.76E-06
15.165	4.00E-06
15.175	4.48E-05
15.185	3.22E-05
15.195	1.92E-05
15.205	5.67E-06
15.215	5.28E-05
15.225	3.84E-05
15.235	2.36E-05
15.245	8.42E-06
15.255	5.38E-05
15.265	3.77E-05
15.275	2.12E-05
15.285	4.28E-06
15.295	4.80E-05
15.305	3.02E-05
15.315	1.19E-05
15.325	6.71E-06
15.335	3.53E-05
15.345	1.58E-05
15.355	4.16E-06
15.365	2.45E-05
15.375	1.58E-05
15.385	5.43E-06
15.395	3.40E-05
15.405	1.20E-05
15.415	5.05E-05
15.425	2.77E-05
15.435	4.36E-06
15.445	4.17E-05
15.455	1.75E-05
15.465	7.02E-06
15.475	2.90E-05
15.485	3.65E-06
15.495	3.89E-05
15.505	1.27E-05
15.515	4.70E-05
15.525	2.00E-05
15.535	5.36E-05
15.545	2.57E-05
15.555	2.64E-06
15.565	2.97E-05
15.575	5.61E-07
15.585	2.90E-05
15.595	2.11E-06
15.605	2.83E-05
15.615	2.01E-06
15.625	2.92E-05
