x	y
2.501	6.04E-06
2.502	1.19E-05
2.503	1.76E-05
2.504	2.32E-05
2.505	2.86E-05
2.506	3.39E-05
2.507	3.89E-05
2.508	4.39E-05
2.509	4.86E-05
2.51	5.32E-05
2.511	5.77E-05
2.512	6.20E-05
2.513	6.61E-05
2.514	7.01E-05
2.515	7.39E-05
2.516	7.76E-05
2.517	8.11E-05
2.518	8.44E-05
2.519	8.76E-05
2.52	9.06E-05
2.521	9.35E-05
2.522	9.62E-05
2.523	9.88E-05
2.524	0.000101159262385
2.525	0.000103400079807
2.526	0.000105484049849
2.527	0.000107411296672
2.528	0.000109181944291
2.529	0.000110796116574
2.53	0.00011225393724
2.531	0.000113555529864
2.532	0.000114701017872
2.533	0.000115690524546
2.534	0.000116524173021
2.535	0.000117202086286
2.536	0.000117724387184
2.537	0.000118091198415
2.538	0.000118302642532
2.539	0.000118358841943
2.54	0.000118259918912
2.541	0.00011800599556
2.542	0.00011759719386
2.543	0.000117033635646
2.544	0.000116315442605
2.545	0.000115442736281
2.546	0.000114415638075
2.547	0.000113234269246
2.548	0.000111898750908
2.549	0.000110409204035
2.55	0.000108765749457
2.551	0.000106968507862
2.552	0.000105017599797
2.553	0.000102913145666
2.554	0.000100655265732
2.555	9.82E-05
2.556	9.57E-05
2.557	9.30E-05
2.558	9.01E-05
2.559	8.71E-05
2.56	8.39E-05
2.561	8.06E-05
2.562	7.71E-05
2.563	7.34E-05
2.564	6.97E-05
2.565	6.57E-05
2.566	6.16E-05
2.567	5.74E-05
2.568	5.30E-05
2.569	4.85E-05
2.57	4.38E-05
2.571	3.89E-05
2.572	3.39E-05
2.573	2.88E-05
2.574	2.35E-05
2.575	1.80E-05
2.576	1.24E-05
2.577	6.65E-06
2.578	7.49E-07
2.579	4.98E-06
2.58	1.05E-05
2.581	1.59E-05
2.582	2.12E-05
2.583	2.63E-05
2.584	3.13E-05
2.585	3.61E-05
2.586	4.07E-05
2.587	4.52E-05
2.588	4.96E-05
2.589	5.38E-05
2.59	5.78E-05
2.591	6.17E-05
2.592	6.55E-05
2.593	6.91E-05
2.594	7.26E-05
2.595	7.59E-05
2.596	7.91E-05
2.597	8.21E-05
2.598	8.49E-05
2.599	8.77E-05
2.6	9.02E-05
2.601	9.26E-05
2.602	9.49E-05
2.603	9.71E-05
2.604	9.90E-05
2.605	0.000100865340931
2.606	0.000102550909938
2.607	0.000104089230334
2.608	0.00010548041506
2.609	0.000106724576929
2.61	0.000107821828623
2.611	0.000108772282697
2.612	0.000109576051574
2.613	0.000110233247549
2.614	0.000110743982788
2.615	0.000111108369328
2.616	0.000111326519078
2.617	0.000111398543819
2.618	0.000111324555202
2.619	0.000111104664753
2.62	0.000110738983868
2.621	0.000110227623815
2.622	0.000109570695738
2.623	0.000108768310651
2.624	0.000107820579441
2.625	0.00010672761287
2.626	0.000105489521571
2.627	0.000104106416054
2.628	0.000102578406699
2.629	0.000100905603763
2.63	9.91E-05
2.631	9.71E-05
2.632	9.50E-05
2.633	9.28E-05
2.634	9.04E-05
2.635	8.78E-05
2.636	8.52E-05
2.637	8.23E-05
2.638	7.94E-05
2.639	7.62E-05
2.64	7.30E-05
2.641	6.96E-05
2.642	6.60E-05
2.643	6.23E-05
2.644	5.85E-05
2.645	5.45E-05
2.646	5.04E-05
2.647	4.62E-05
2.648	4.18E-05
2.649	3.72E-05
2.65	3.25E-05
2.651	2.77E-05
2.652	2.27E-05
2.653	1.76E-05
2.654	1.23E-05
2.655	6.95E-06
2.656	1.41E-06
2.657	4.03E-06
2.658	9.29E-06
2.659	1.44E-05
2.66	1.94E-05
2.661	2.42E-05
2.662	2.89E-05
2.663	3.34E-05
2.664	3.78E-05
2.665	4.21E-05
2.666	4.62E-05
2.667	5.02E-05
2.668	5.40E-05
2.669	5.78E-05
2.67	6.13E-05
2.671	6.47E-05
2.672	6.80E-05
2.673	7.12E-05
2.674	7.42E-05
2.675	7.70E-05
2.676	7.97E-05
2.677	8.23E-05
2.678	8.48E-05
2.679	8.71E-05
2.68	8.92E-05
2.681	9.13E-05
2.682	9.31E-05
2.683	9.49E-05
2.684	9.65E-05
2.685	9.80E-05
2.686	9.93E-05
2.687	0.000100481429452
2.688	0.000101533985024
2.689	0.00010244813887
2.69	0.000103223993913
2.691	0.000103861652956
2.692	0.000104361218691
2.693	0.000104722793694
2.694	0.000104946480427
2.695	0.000105032381237
2.696	0.00010498059836
2.697	0.000104791233915
2.698	0.000104464389908
2.699	0.000104000168234
2.7	0.000103398670672
2.701	0.00010265999889
2.702	0.000101784254441
2.703	0.000100771538767
2.704	9.96E-05
2.705	9.83E-05
2.706	9.69E-05
2.707	9.54E-05
2.708	9.37E-05
2.709	9.18E-05
2.71	8.99E-05
2.711	8.78E-05
2.712	8.55E-05
2.713	8.31E-05
2.714	8.06E-05
2.715	7.80E-05
2.716	7.52E-05
2.717	7.23E-05
2.718	6.92E-05
2.719	6.60E-05
2.72	6.27E-05
2.721	5.92E-05
2.722	5.56E-05
2.723	5.19E-05
2.724	4.80E-05
2.725	4.40E-05
2.726	3.99E-05
2.727	3.56E-05
2.728	3.12E-05
2.729	2.67E-05
2.73	2.20E-05
2.731	1.72E-05
2.732	1.23E-05
2.733	7.20E-06
2.734	1.99E-06
2.735	3.18E-06
2.736	8.15E-06
2.737	1.30E-05
2.738	1.77E-05
2.739	2.23E-05
2.74	2.67E-05
2.741	3.10E-05
2.742	3.52E-05
2.743	3.93E-05
2.744	4.32E-05
2.745	4.69E-05
2.746	5.06E-05
2.747	5.41E-05
2.748	5.75E-05
2.749	6.07E-05
2.75	6.38E-05
2.751	6.68E-05
2.752	6.97E-05
2.753	7.24E-05
2.754	7.50E-05
2.755	7.74E-05
2.756	7.98E-05
2.757	8.20E-05
2.758	8.40E-05
2.759	8.59E-05
2.76	8.77E-05
2.761	8.94E-05
2.762	9.09E-05
2.763	9.23E-05
2.764	9.36E-05
2.765	9.48E-05
2.766	9.58E-05
2.767	9.67E-05
2.768	9.74E-05
2.769	9.80E-05
2.77	9.85E-05
2.771	9.89E-05
2.772	9.91E-05
2.773	9.92E-05
2.774	9.92E-05
2.775	9.90E-05
2.776	9.87E-05
2.777	9.83E-05
2.778	9.77E-05
2.779	9.71E-05
2.78	9.62E-05
2.781	9.53E-05
2.782	9.42E-05
2.783	9.30E-05
2.784	9.17E-05
2.785	9.03E-05
2.786	8.87E-05
2.787	8.70E-05
2.788	8.51E-05
2.789	8.31E-05
2.79	8.10E-05
2.791	7.88E-05
2.792	7.65E-05
2.793	7.40E-05
2.794	7.14E-05
2.795	6.86E-05
2.796	6.57E-05
2.797	6.27E-05
2.798	5.96E-05
2.799	5.64E-05
2.8	5.30E-05
2.801	4.95E-05
2.802	4.58E-05
2.803	4.21E-05
2.804	3.82E-05
2.805	3.42E-05
2.806	3.00E-05
2.807	2.58E-05
2.808	2.14E-05
2.809	1.68E-05
2.81	1.22E-05
2.811	7.41E-06
2.812	2.50E-06
2.813	2.41E-06
2.814	7.13E-06
2.815	1.17E-05
2.816	1.62E-05
2.817	2.05E-05
2.818	2.48E-05
2.819	2.88E-05
2.82	3.28E-05
2.821	3.67E-05
2.822	4.04E-05
2.823	4.40E-05
2.824	4.74E-05
2.825	5.08E-05
2.826	5.40E-05
2.827	5.71E-05
2.828	6.00E-05
2.829	6.29E-05
2.83	6.56E-05
2.831	6.82E-05
2.832	7.06E-05
2.833	7.30E-05
2.834	7.52E-05
2.835	7.73E-05
2.836	7.92E-05
2.837	8.11E-05
2.838	8.28E-05
2.839	8.44E-05
2.84	8.58E-05
2.841	8.72E-05
2.842	8.84E-05
2.843	8.95E-05
2.844	9.05E-05
2.845	9.13E-05
2.846	9.21E-05
2.847	9.27E-05
2.848	9.31E-05
2.849	9.35E-05
2.85	9.37E-05
2.851	9.38E-05
2.852	9.38E-05
2.853	9.37E-05
2.854	9.34E-05
2.855	9.30E-05
2.856	9.25E-05
2.857	9.19E-05
2.858	9.11E-05
2.859	9.03E-05
2.86	8.93E-05
2.861	8.82E-05
2.862	8.69E-05
2.863	8.56E-05
2.864	8.41E-05
2.865	8.25E-05
2.866	8.07E-05
2.867	7.89E-05
2.868	7.69E-05
2.869	7.48E-05
2.87	7.26E-05
2.871	7.03E-05
2.872	6.78E-05
2.873	6.52E-05
2.874	6.25E-05
2.875	5.97E-05
2.876	5.68E-05
2.877	5.37E-05
2.878	5.05E-05
2.879	4.72E-05
2.88	4.38E-05
2.881	4.03E-05
2.882	3.66E-05
2.883	3.28E-05
2.884	2.89E-05
2.885	2.49E-05
2.886	2.07E-05
2.887	1.65E-05
2.888	1.21E-05
2.889	7.58E-06
2.89	2.95E-06
2.891	1.71E-06
2.892	6.20E-06
2.893	1.06E-05
2.894	1.48E-05
2.895	1.89E-05
2.896	2.30E-05
2.897	2.68E-05
2.898	3.06E-05
2.899	3.43E-05
2.9	3.78E-05
2.901	4.12E-05
2.902	4.45E-05
2.903	4.77E-05
2.904	5.08E-05
2.905	5.37E-05
2.906	5.65E-05
2.907	5.92E-05
2.908	6.18E-05
2.909	6.43E-05
2.91	6.66E-05
2.911	6.88E-05
2.912	7.10E-05
2.913	7.30E-05
2.914	7.48E-05
2.915	7.66E-05
2.916	7.82E-05
2.917	7.97E-05
2.918	8.12E-05
2.919	8.24E-05
2.92	8.36E-05
2.921	8.47E-05
2.922	8.56E-05
2.923	8.64E-05
2.924	8.71E-05
2.925	8.77E-05
2.926	8.82E-05
2.927	8.85E-05
2.928	8.88E-05
2.929	8.89E-05
2.93	8.89E-05
2.931	8.88E-05
2.932	8.85E-05
2.933	8.82E-05
2.934	8.77E-05
2.935	8.71E-05
2.936	8.65E-05
2.937	8.56E-05
2.938	8.47E-05
2.939	8.37E-05
2.94	8.25E-05
2.941	8.12E-05
2.942	7.98E-05
2.943	7.83E-05
2.944	7.67E-05
2.945	7.50E-05
2.946	7.31E-05
2.947	7.12E-05
2.948	6.91E-05
2.949	6.69E-05
2.95	6.46E-05
2.951	6.21E-05
2.952	5.96E-05
2.953	5.69E-05
2.954	5.42E-05
2.955	5.13E-05
2.956	4.83E-05
2.957	4.52E-05
2.958	4.19E-05
2.959	3.86E-05
2.96	3.51E-05
2.961	3.16E-05
2.962	2.79E-05
2.963	2.41E-05
2.964	2.01E-05
2.965	1.61E-05
2.966	1.20E-05
2.967	7.72E-06
2.968	3.35E-06
2.969	1.09E-06
2.97	5.36E-06
2.971	9.51E-06
2.972	1.36E-05
2.973	1.75E-05
2.974	2.13E-05
2.975	2.50E-05
2.976	2.86E-05
2.977	3.21E-05
2.978	3.54E-05
2.979	3.87E-05
2.98	4.18E-05
2.981	4.49E-05
2.982	4.78E-05
2.983	5.06E-05
2.984	5.33E-05
2.985	5.59E-05
2.986	5.83E-05
2.987	6.07E-05
2.988	6.29E-05
2.989	6.50E-05
2.99	6.71E-05
2.991	6.90E-05
2.992	7.08E-05
2.993	7.24E-05
2.994	7.40E-05
2.995	7.55E-05
2.996	7.68E-05
2.997	7.81E-05
2.998	7.92E-05
2.999	8.02E-05
3	8.11E-05
3.001	8.19E-05
3.002	8.26E-05
3.003	8.31E-05
3.004	8.36E-05
3.005	8.40E-05
3.006	8.42E-05
3.007	8.43E-05
3.008	8.43E-05
3.009	8.42E-05
3.01	8.40E-05
3.011	8.37E-05
3.012	8.33E-05
3.013	8.28E-05
3.014	8.21E-05
3.015	8.14E-05
3.016	8.05E-05
3.017	7.95E-05
3.018	7.84E-05
3.019	7.72E-05
3.02	7.59E-05
3.021	7.45E-05
3.022	7.30E-05
3.023	7.13E-05
3.024	6.96E-05
3.025	6.78E-05
3.026	6.58E-05
3.027	6.37E-05
3.028	6.15E-05
3.029	5.92E-05
3.03	5.68E-05
3.031	5.43E-05
3.032	5.17E-05
3.033	4.90E-05
3.034	4.62E-05
3.035	4.32E-05
3.036	4.02E-05
3.037	3.70E-05
3.038	3.37E-05
3.039	3.04E-05
3.04	2.69E-05
3.041	2.33E-05
3.042	1.96E-05
3.043	1.58E-05
3.044	1.19E-05
3.045	7.84E-06
3.046	3.70E-06
3.047	5.16E-07
3.048	4.59E-06
3.049	8.55E-06
3.05	1.24E-05
3.051	1.62E-05
3.052	1.98E-05
3.053	2.33E-05
3.054	2.67E-05
3.055	3.01E-05
3.056	3.33E-05
3.057	3.64E-05
3.058	3.94E-05
3.059	4.23E-05
3.06	4.50E-05
3.061	4.77E-05
3.062	5.03E-05
3.063	5.28E-05
3.064	5.51E-05
3.065	5.74E-05
3.066	5.95E-05
3.067	6.15E-05
3.068	6.35E-05
3.069	6.53E-05
3.07	6.70E-05
3.071	6.86E-05
3.072	7.01E-05
3.073	7.15E-05
3.074	7.28E-05
3.075	7.40E-05
3.076	7.51E-05
3.077	7.61E-05
3.078	7.69E-05
3.079	7.77E-05
3.08	7.84E-05
3.081	7.89E-05
3.082	7.94E-05
3.083	7.97E-05
3.084	8.00E-05
3.085	8.01E-05
3.086	8.01E-05
3.087	8.00E-05
3.088	7.99E-05
3.089	7.96E-05
3.09	7.92E-05
3.091	7.87E-05
3.092	7.81E-05
3.093	7.74E-05
3.094	7.66E-05
3.095	7.57E-05
3.096	7.46E-05
3.097	7.35E-05
3.098	7.23E-05
3.099	7.10E-05
3.1	6.95E-05
3.101	6.80E-05
3.102	6.63E-05
3.103	6.46E-05
3.104	6.27E-05
3.105	6.08E-05
3.106	5.87E-05
3.107	5.66E-05
3.108	5.43E-05
3.109	5.19E-05
3.11	4.95E-05
3.111	4.69E-05
3.112	4.42E-05
3.113	4.14E-05
3.114	3.85E-05
3.115	3.55E-05
3.116	3.25E-05
3.117	2.93E-05
3.118	2.60E-05
3.119	2.26E-05
3.12	1.91E-05
3.121	1.55E-05
3.122	1.17E-05
3.123	7.93E-06
3.124	4.02E-06
3.125	0
3.126	3.88E-06
3.127	7.66E-06
3.128	1.13E-05
3.129	1.49E-05
3.13	1.84E-05
3.131	2.18E-05
3.132	2.50E-05
3.133	2.82E-05
3.134	3.13E-05
3.135	3.42E-05
3.136	3.71E-05
3.137	3.99E-05
3.138	4.25E-05
3.139	4.51E-05
3.14	4.75E-05
3.141	4.99E-05
3.142	5.21E-05
3.143	5.43E-05
3.144	5.63E-05
3.145	5.83E-05
3.146	6.01E-05
3.147	6.19E-05
3.148	6.35E-05
3.149	6.51E-05
3.15	6.65E-05
3.151	6.79E-05
3.152	6.91E-05
3.153	7.03E-05
3.154	7.13E-05
3.155	7.22E-05
3.156	7.31E-05
3.157	7.38E-05
3.158	7.45E-05
3.159	7.50E-05
3.16	7.55E-05
3.161	7.58E-05
3.162	7.60E-05
3.163	7.62E-05
3.164	7.62E-05
3.165	7.62E-05
3.166	7.60E-05
3.167	7.57E-05
3.168	7.54E-05
3.169	7.49E-05
3.17	7.44E-05
3.171	7.37E-05
3.172	7.29E-05
3.173	7.21E-05
3.174	7.11E-05
3.175	7.01E-05
3.176	6.89E-05
3.177	6.77E-05
3.178	6.63E-05
3.179	6.49E-05
3.18	6.33E-05
3.181	6.17E-05
3.182	5.99E-05
3.183	5.81E-05
3.184	5.61E-05
3.185	5.41E-05
3.186	5.19E-05
3.187	4.97E-05
3.188	4.74E-05
3.189	4.49E-05
3.19	4.24E-05
3.191	3.97E-05
3.192	3.70E-05
3.193	3.42E-05
3.194	3.13E-05
3.195	2.82E-05
3.196	2.51E-05
3.197	2.19E-05
3.198	1.86E-05
3.199	1.51E-05
3.2	1.16E-05
3.201	8.00E-06
3.202	4.29E-06
3.203	4.83E-07
3.204	3.24E-06
3.205	6.85E-06
3.206	1.04E-05
3.207	1.38E-05
3.208	1.71E-05
3.209	2.03E-05
3.21	2.35E-05
3.211	2.65E-05
3.212	2.94E-05
3.213	3.23E-05
3.214	3.50E-05
3.215	3.76E-05
3.216	4.02E-05
3.217	4.26E-05
3.218	4.50E-05
3.219	4.72E-05
3.22	4.94E-05
3.221	5.15E-05
3.222	5.34E-05
3.223	5.53E-05
3.224	5.71E-05
3.225	5.87E-05
3.226	6.03E-05
3.227	6.18E-05
3.228	6.32E-05
3.229	6.45E-05
3.23	6.57E-05
3.231	6.68E-05
3.232	6.78E-05
3.233	6.87E-05
3.234	6.95E-05
3.235	7.02E-05
3.236	7.09E-05
3.237	7.14E-05
3.238	7.18E-05
3.239	7.21E-05
3.24	7.24E-05
3.241	7.25E-05
3.242	7.26E-05
3.243	7.25E-05
3.244	7.24E-05
3.245	7.22E-05
3.246	7.18E-05
3.247	7.14E-05
3.248	7.09E-05
3.249	7.03E-05
3.25	6.96E-05
3.251	6.88E-05
3.252	6.79E-05
3.253	6.69E-05
3.254	6.58E-05
3.255	6.46E-05
3.256	6.33E-05
3.257	6.20E-05
3.258	6.05E-05
3.259	5.89E-05
3.26	5.73E-05
3.261	5.55E-05
3.262	5.37E-05
3.263	5.18E-05
3.264	4.97E-05
3.265	4.76E-05
3.266	4.54E-05
3.267	4.31E-05
3.268	4.07E-05
3.269	3.82E-05
3.27	3.56E-05
3.271	3.29E-05
3.272	3.01E-05
3.273	2.72E-05
3.274	2.43E-05
3.275	2.12E-05
3.276	1.81E-05
3.277	1.48E-05
3.278	1.15E-05
3.279	8.06E-06
3.28	4.54E-06
3.281	9.19E-07
3.282	2.65E-06
3.283	6.11E-06
3.284	9.47E-06
3.285	1.27E-05
3.286	1.59E-05
3.287	1.90E-05
3.288	2.20E-05
3.289	2.49E-05
3.29	2.77E-05
3.291	3.04E-05
3.292	3.30E-05
3.293	3.56E-05
3.294	3.80E-05
3.295	4.04E-05
3.296	4.26E-05
3.297	4.48E-05
3.298	4.68E-05
3.299	4.88E-05
3.3	5.07E-05
3.301	5.25E-05
3.302	5.42E-05
3.303	5.58E-05
3.304	5.73E-05
3.305	5.88E-05
3.306	6.01E-05
3.307	6.13E-05
3.308	6.25E-05
3.309	6.35E-05
3.31	6.45E-05
3.311	6.54E-05
3.312	6.62E-05
3.313	6.69E-05
3.314	6.75E-05
3.315	6.80E-05
3.316	6.84E-05
3.317	6.88E-05
3.318	6.90E-05
3.319	6.91E-05
3.32	6.92E-05
3.321	6.92E-05
3.322	6.91E-05
3.323	6.88E-05
3.324	6.85E-05
3.325	6.81E-05
3.326	6.77E-05
3.327	6.71E-05
3.328	6.64E-05
3.329	6.57E-05
3.33	6.48E-05
3.331	6.39E-05
3.332	6.29E-05
3.333	6.18E-05
3.334	6.05E-05
3.335	5.92E-05
3.336	5.79E-05
3.337	5.64E-05
3.338	5.48E-05
3.339	5.32E-05
3.34	5.14E-05
3.341	4.96E-05
3.342	4.77E-05
3.343	4.57E-05
3.344	4.36E-05
3.345	4.14E-05
3.346	3.91E-05
3.347	3.67E-05
3.348	3.42E-05
3.349	3.17E-05
3.35	2.91E-05
3.351	2.63E-05
3.352	2.35E-05
3.353	2.06E-05
3.354	1.76E-05
3.355	1.45E-05
3.356	1.14E-05
3.357	8.10E-06
3.358	4.75E-06
3.359	1.31E-06
3.36	2.11E-06
3.361	5.42E-06
3.362	8.64E-06
3.363	1.18E-05
3.364	1.48E-05
3.365	1.78E-05
3.366	2.06E-05
3.367	2.34E-05
3.368	2.61E-05
3.369	2.87E-05
3.37	3.12E-05
3.371	3.37E-05
3.372	3.60E-05
3.373	3.82E-05
3.374	4.04E-05
3.375	4.25E-05
3.376	4.45E-05
3.377	4.64E-05
3.378	4.82E-05
3.379	4.99E-05
3.38	5.15E-05
3.381	5.31E-05
3.382	5.45E-05
3.383	5.59E-05
3.384	5.72E-05
3.385	5.84E-05
3.386	5.95E-05
3.387	6.05E-05
3.388	6.15E-05
3.389	6.23E-05
3.39	6.31E-05
3.391	6.38E-05
3.392	6.44E-05
3.393	6.49E-05
3.394	6.53E-05
3.395	6.56E-05
3.396	6.58E-05
3.397	6.60E-05
3.398	6.61E-05
3.399	6.60E-05
3.4	6.59E-05
3.401	6.57E-05
3.402	6.55E-05
3.403	6.51E-05
3.404	6.47E-05
3.405	6.41E-05
3.406	6.35E-05
3.407	6.28E-05
3.408	6.20E-05
3.409	6.11E-05
3.41	6.01E-05
3.411	5.91E-05
3.412	5.79E-05
3.413	5.67E-05
3.414	5.54E-05
3.415	5.40E-05
3.416	5.25E-05
3.417	5.10E-05
3.418	4.93E-05
3.419	4.76E-05
3.42	4.57E-05
3.421	4.38E-05
3.422	4.18E-05
3.423	3.98E-05
3.424	3.76E-05
3.425	3.53E-05
3.426	3.30E-05
3.427	3.06E-05
3.428	2.81E-05
3.429	2.55E-05
3.43	2.28E-05
3.431	2.00E-05
3.432	1.72E-05
3.433	1.42E-05
3.434	1.12E-05
3.435	8.13E-06
3.436	4.94E-06
3.437	1.67E-06
3.438	1.62E-06
3.439	4.79E-06
3.44	7.88E-06
3.441	1.09E-05
3.442	1.38E-05
3.443	1.66E-05
3.444	1.94E-05
3.445	2.20E-05
3.446	2.46E-05
3.447	2.71E-05
3.448	2.95E-05
3.449	3.19E-05
3.45	3.41E-05
3.451	3.63E-05
3.452	3.83E-05
3.453	4.03E-05
3.454	4.22E-05
3.455	4.41E-05
3.456	4.58E-05
3.457	4.75E-05
3.458	4.90E-05
3.459	5.05E-05
3.46	5.19E-05
3.461	5.33E-05
3.462	5.45E-05
3.463	5.57E-05
3.464	5.67E-05
3.465	5.77E-05
3.466	5.86E-05
3.467	5.95E-05
3.468	6.02E-05
3.469	6.08E-05
3.47	6.14E-05
3.471	6.19E-05
3.472	6.23E-05
3.473	6.26E-05
3.474	6.29E-05
3.475	6.30E-05
3.476	6.31E-05
3.477	6.31E-05
3.478	6.30E-05
3.479	6.29E-05
3.48	6.26E-05
3.481	6.23E-05
3.482	6.18E-05
3.483	6.13E-05
3.484	6.08E-05
3.485	6.01E-05
3.486	5.93E-05
3.487	5.85E-05
3.488	5.76E-05
3.489	5.66E-05
3.49	5.55E-05
3.491	5.44E-05
3.492	5.31E-05
3.493	5.18E-05
3.494	5.04E-05
3.495	4.89E-05
3.496	4.73E-05
3.497	4.57E-05
3.498	4.39E-05
3.499	4.21E-05
3.5	4.02E-05
3.501	3.82E-05
3.502	3.62E-05
3.503	3.40E-05
3.504	3.18E-05
3.505	2.95E-05
3.506	2.71E-05
3.507	2.47E-05
3.508	2.21E-05
3.509	1.95E-05
3.51	1.68E-05
3.511	1.40E-05
3.512	1.11E-05
3.513	8.14E-06
3.514	5.11E-06
3.515	1.99E-06
3.516	1.16E-06
3.517	4.21E-06
3.518	7.17E-06
3.519	1.01E-05
3.52	1.29E-05
3.521	1.56E-05
3.522	1.82E-05
3.523	2.08E-05
3.524	2.33E-05
3.525	2.56E-05
3.526	2.80E-05
3.527	3.02E-05
3.528	3.24E-05
3.529	3.44E-05
3.53	3.64E-05
3.531	3.83E-05
3.532	4.02E-05
3.533	4.19E-05
3.534	4.36E-05
3.535	4.52E-05
3.536	4.67E-05
3.537	4.82E-05
3.538	4.95E-05
3.539	5.08E-05
3.54	5.20E-05
3.541	5.31E-05
3.542	5.41E-05
3.543	5.51E-05
3.544	5.60E-05
3.545	5.68E-05
3.546	5.75E-05
3.547	5.81E-05
3.548	5.87E-05
3.549	5.92E-05
3.55	5.96E-05
3.551	5.99E-05
3.552	6.01E-05
3.553	6.03E-05
3.554	6.04E-05
3.555	6.04E-05
3.556	6.03E-05
3.557	6.01E-05
3.558	5.99E-05
3.559	5.96E-05
3.56	5.92E-05
3.561	5.87E-05
3.562	5.82E-05
3.563	5.76E-05
3.564	5.69E-05
3.565	5.61E-05
3.566	5.52E-05
3.567	5.43E-05
3.568	5.32E-05
3.569	5.21E-05
3.57	5.10E-05
3.571	4.97E-05
3.572	4.84E-05
3.573	4.70E-05
3.574	4.55E-05
3.575	4.39E-05
3.576	4.22E-05
3.577	4.05E-05
3.578	3.87E-05
3.579	3.68E-05
3.58	3.49E-05
3.581	3.28E-05
3.582	3.07E-05
3.583	2.85E-05
3.584	2.62E-05
3.585	2.39E-05
3.586	2.15E-05
3.587	1.90E-05
3.588	1.64E-05
3.589	1.37E-05
3.59	1.10E-05
3.591	8.15E-06
3.592	5.25E-06
3.593	2.28E-06
3.594	7.43E-07
3.595	3.67E-06
3.596	6.51E-06
3.597	9.28E-06
3.598	1.20E-05
3.599	1.46E-05
3.6	1.71E-05
3.601	1.96E-05
3.602	2.20E-05
3.603	2.43E-05
3.604	2.65E-05
3.605	2.87E-05
3.606	3.07E-05
3.607	3.27E-05
3.608	3.46E-05
3.609	3.65E-05
3.61	3.83E-05
3.611	3.99E-05
3.612	4.16E-05
3.613	4.31E-05
3.614	4.46E-05
3.615	4.59E-05
3.616	4.72E-05
3.617	4.85E-05
3.618	4.96E-05
3.619	5.07E-05
3.62	5.17E-05
3.621	5.26E-05
3.622	5.35E-05
3.623	5.43E-05
3.624	5.50E-05
3.625	5.56E-05
3.626	5.61E-05
3.627	5.66E-05
3.628	5.70E-05
3.629	5.73E-05
3.63	5.75E-05
3.631	5.77E-05
3.632	5.78E-05
3.633	5.78E-05
3.634	5.77E-05
3.635	5.76E-05
3.636	5.74E-05
3.637	5.71E-05
3.638	5.67E-05
3.639	5.63E-05
3.64	5.58E-05
3.641	5.52E-05
3.642	5.45E-05
3.643	5.38E-05
3.644	5.30E-05
3.645	5.21E-05
3.646	5.11E-05
3.647	5.01E-05
3.648	4.89E-05
3.649	4.77E-05
3.65	4.65E-05
3.651	4.51E-05
3.652	4.37E-05
3.653	4.22E-05
3.654	4.06E-05
3.655	3.90E-05
3.656	3.73E-05
3.657	3.55E-05
3.658	3.36E-05
3.659	3.17E-05
3.66	2.97E-05
3.661	2.76E-05
3.662	2.54E-05
3.663	2.32E-05
3.664	2.08E-05
3.665	1.85E-05
3.666	1.60E-05
3.667	1.34E-05
3.668	1.08E-05
3.669	8.14E-06
3.67	5.38E-06
3.671	2.54E-06
3.672	3.57E-07
3.673	3.17E-06
3.674	5.90E-06
3.675	8.57E-06
3.676	1.12E-05
3.677	1.37E-05
3.678	1.61E-05
3.679	1.85E-05
3.68	2.08E-05
3.681	2.30E-05
3.682	2.51E-05
3.683	2.72E-05
3.684	2.92E-05
3.685	3.11E-05
3.686	3.30E-05
3.687	3.47E-05
3.688	3.65E-05
3.689	3.81E-05
3.69	3.96E-05
3.691	4.11E-05
3.692	4.25E-05
3.693	4.39E-05
3.694	4.51E-05
3.695	4.63E-05
3.696	4.74E-05
3.697	4.85E-05
3.698	4.94E-05
3.699	5.03E-05
3.7	5.12E-05
3.701	5.19E-05
3.702	5.26E-05
3.703	5.32E-05
3.704	5.37E-05
3.705	5.42E-05
3.706	5.46E-05
3.707	5.49E-05
3.708	5.51E-05
3.709	5.53E-05
3.71	5.54E-05
3.711	5.54E-05
3.712	5.54E-05
3.713	5.52E-05
3.714	5.50E-05
3.715	5.48E-05
3.716	5.44E-05
3.717	5.40E-05
3.718	5.35E-05
3.719	5.30E-05
3.72	5.23E-05
3.721	5.16E-05
3.722	5.09E-05
3.723	5.00E-05
3.724	4.91E-05
3.725	4.81E-05
3.726	4.70E-05
3.727	4.59E-05
3.728	4.47E-05
3.729	4.34E-05
3.73	4.21E-05
3.731	4.06E-05
3.732	3.91E-05
3.733	3.76E-05
3.734	3.59E-05
3.735	3.42E-05
3.736	3.25E-05
3.737	3.06E-05
3.738	2.87E-05
3.739	2.67E-05
3.74	2.46E-05
3.741	2.25E-05
3.742	2.03E-05
3.743	1.80E-05
3.744	1.56E-05
3.745	1.32E-05
3.746	1.07E-05
3.747	8.13E-06
3.748	5.49E-06
3.749	2.78E-06
3.75	0
3.751	2.70E-06
3.752	5.34E-06
3.753	7.90E-06
3.754	1.04E-05
3.755	1.28E-05
3.756	1.52E-05
3.757	1.74E-05
3.758	1.96E-05
3.759	2.18E-05
3.76	2.38E-05
3.761	2.58E-05
3.762	2.78E-05
3.763	2.96E-05
3.764	3.14E-05
3.765	3.31E-05
3.766	3.48E-05
3.767	3.63E-05
3.768	3.78E-05
3.769	3.93E-05
3.77	4.06E-05
3.771	4.19E-05
3.772	4.31E-05
3.773	4.43E-05
3.774	4.54E-05
3.775	4.64E-05
3.776	4.73E-05
3.777	4.82E-05
3.778	4.90E-05
3.779	4.97E-05
3.78	5.04E-05
3.781	5.10E-05
3.782	5.15E-05
3.783	5.19E-05
3.784	5.23E-05
3.785	5.26E-05
3.786	5.28E-05
3.787	5.30E-05
3.788	5.31E-05
3.789	5.31E-05
3.79	5.31E-05
3.791	5.30E-05
3.792	5.28E-05
3.793	5.26E-05
3.794	5.22E-05
3.795	5.19E-05
3.796	5.14E-05
3.797	5.09E-05
3.798	5.03E-05
3.799	4.96E-05
3.8	4.89E-05
3.801	4.81E-05
3.802	4.72E-05
3.803	4.63E-05
3.804	4.53E-05
3.805	4.42E-05
3.806	4.30E-05
3.807	4.18E-05
3.808	4.05E-05
3.809	3.92E-05
3.81	3.77E-05
3.811	3.62E-05
3.812	3.47E-05
3.813	3.30E-05
3.814	3.13E-05
3.815	2.96E-05
3.816	2.77E-05
3.817	2.58E-05
3.818	2.39E-05
3.819	2.18E-05
3.82	1.97E-05
3.821	1.75E-05
3.822	1.53E-05
3.823	1.30E-05
3.824	1.06E-05
3.825	8.11E-06
3.826	5.59E-06
3.827	3.00E-06
3.828	3.37E-07
3.829	2.27E-06
3.83	4.81E-06
3.831	7.28E-06
3.832	9.68E-06
3.833	1.20E-05
3.834	1.43E-05
3.835	1.65E-05
3.836	1.86E-05
3.837	2.07E-05
3.838	2.26E-05
3.839	2.46E-05
3.84	2.64E-05
3.841	2.82E-05
3.842	2.99E-05
3.843	3.16E-05
3.844	3.32E-05
3.845	3.47E-05
3.846	3.61E-05
3.847	3.75E-05
3.848	3.88E-05
3.849	4.01E-05
3.85	4.13E-05
3.851	4.24E-05
3.852	4.34E-05
3.853	4.44E-05
3.854	4.53E-05
3.855	4.61E-05
3.856	4.69E-05
3.857	4.76E-05
3.858	4.83E-05
3.859	4.88E-05
3.86	4.94E-05
3.861	4.98E-05
3.862	5.02E-05
3.863	5.05E-05
3.864	5.07E-05
3.865	5.09E-05
3.866	5.10E-05
3.867	5.10E-05
3.868	5.10E-05
3.869	5.09E-05
3.87	5.07E-05
3.871	5.05E-05
3.872	5.02E-05
3.873	4.98E-05
3.874	4.94E-05
3.875	4.89E-05
3.876	4.83E-05
3.877	4.77E-05
3.878	4.70E-05
3.879	4.63E-05
3.88	4.54E-05
3.881	4.45E-05
3.882	4.36E-05
3.883	4.25E-05
3.884	4.14E-05
3.885	4.03E-05
3.886	3.91E-05
3.887	3.78E-05
3.888	3.64E-05
3.889	3.50E-05
3.89	3.35E-05
3.891	3.19E-05
3.892	3.03E-05
3.893	2.86E-05
3.894	2.69E-05
3.895	2.50E-05
3.896	2.31E-05
3.897	2.12E-05
3.898	1.92E-05
3.899	1.71E-05
3.9	1.49E-05
3.901	1.27E-05
3.902	1.04E-05
3.903	8.09E-06
3.904	5.67E-06
3.905	3.19E-06
3.906	6.47E-07
3.907	1.88E-06
3.908	4.32E-06
3.909	6.70E-06
3.91	9.01E-06
3.911	1.13E-05
3.912	1.34E-05
3.913	1.56E-05
3.914	1.76E-05
3.915	1.96E-05
3.916	2.15E-05
3.917	2.34E-05
3.918	2.52E-05
3.919	2.69E-05
3.92	2.86E-05
3.921	3.02E-05
3.922	3.17E-05
3.923	3.31E-05
3.924	3.46E-05
3.925	3.59E-05
3.926	3.72E-05
3.927	3.84E-05
3.928	3.95E-05
3.929	4.06E-05
3.93	4.16E-05
3.931	4.25E-05
3.932	4.34E-05
3.933	4.42E-05
3.934	4.50E-05
3.935	4.57E-05
3.936	4.63E-05
3.937	4.69E-05
3.938	4.74E-05
3.939	4.78E-05
3.94	4.82E-05
3.941	4.85E-05
3.942	4.87E-05
3.943	4.89E-05
3.944	4.90E-05
3.945	4.90E-05
3.946	4.90E-05
3.947	4.89E-05
3.948	4.88E-05
3.949	4.86E-05
3.95	4.83E-05
3.951	4.79E-05
3.952	4.75E-05
3.953	4.71E-05
3.954	4.65E-05
3.955	4.59E-05
3.956	4.53E-05
3.957	4.45E-05
3.958	4.38E-05
3.959	4.29E-05
3.96	4.20E-05
3.961	4.10E-05
3.962	4.00E-05
3.963	3.89E-05
3.964	3.77E-05
3.965	3.64E-05
3.966	3.51E-05
3.967	3.38E-05
3.968	3.24E-05
3.969	3.09E-05
3.97	2.93E-05
3.971	2.77E-05
3.972	2.60E-05
3.973	2.43E-05
3.974	2.25E-05
3.975	2.06E-05
3.976	1.87E-05
3.977	1.67E-05
3.978	1.46E-05
3.979	1.25E-05
3.98	1.03E-05
3.981	8.06E-06
3.982	5.74E-06
3.983	3.37E-06
3.984	9.31E-07
3.985	1.51E-06
3.986	3.86E-06
3.987	6.16E-06
3.988	8.39E-06
3.989	1.06E-05
3.99	1.27E-05
3.991	1.47E-05
3.992	1.67E-05
3.993	1.86E-05
3.994	2.05E-05
3.995	2.23E-05
3.996	2.40E-05
3.997	2.57E-05
3.998	2.73E-05
3.999	2.88E-05
4	3.03E-05
4.001	3.17E-05
4.002	3.31E-05
4.003	3.43E-05
4.004	3.56E-05
4.005	3.67E-05
4.006	3.78E-05
4.007	3.89E-05
4.008	3.99E-05
4.009	4.08E-05
4.01	4.16E-05
4.011	4.24E-05
4.012	4.32E-05
4.013	4.38E-05
4.014	4.45E-05
4.015	4.50E-05
4.016	4.55E-05
4.017	4.59E-05
4.018	4.63E-05
4.019	4.66E-05
4.02	4.68E-05
4.021	4.70E-05
4.022	4.71E-05
4.023	4.71E-05
4.024	4.71E-05
4.025	4.70E-05
4.026	4.69E-05
4.027	4.67E-05
4.028	4.65E-05
4.029	4.61E-05
4.03	4.58E-05
4.031	4.53E-05
4.032	4.48E-05
4.033	4.42E-05
4.034	4.36E-05
4.035	4.29E-05
4.036	4.22E-05
4.037	4.14E-05
4.038	4.05E-05
4.039	3.95E-05
4.04	3.86E-05
4.041	3.75E-05
4.042	3.64E-05
4.043	3.52E-05
4.044	3.40E-05
4.045	3.27E-05
4.046	3.13E-05
4.047	2.99E-05
4.048	2.84E-05
4.049	2.68E-05
4.05	2.52E-05
4.051	2.36E-05
4.052	2.18E-05
4.053	2.00E-05
4.054	1.82E-05
4.055	1.63E-05
4.056	1.43E-05
4.057	1.23E-05
4.058	1.02E-05
4.059	8.02E-06
4.06	5.80E-06
4.061	3.53E-06
4.062	1.19E-06
4.063	1.16E-06
4.064	3.44E-06
4.065	5.65E-06
4.066	7.81E-06
4.067	9.90E-06
4.068	1.19E-05
4.069	1.39E-05
4.07	1.58E-05
4.071	1.77E-05
4.072	1.95E-05
4.073	2.12E-05
4.074	2.29E-05
4.075	2.45E-05
4.076	2.60E-05
4.077	2.75E-05
4.078	2.90E-05
4.079	3.03E-05
4.08	3.16E-05
4.081	3.29E-05
4.082	3.41E-05
4.083	3.52E-05
4.084	3.63E-05
4.085	3.73E-05
4.086	3.83E-05
4.087	3.91E-05
4.088	4.00E-05
4.089	4.07E-05
4.09	4.15E-05
4.091	4.21E-05
4.092	4.27E-05
4.093	4.32E-05
4.094	4.37E-05
4.095	4.41E-05
4.096	4.45E-05
4.097	4.48E-05
4.098	4.50E-05
4.099	4.52E-05
4.1	4.53E-05
4.101	4.53E-05
4.102	4.53E-05
4.103	4.53E-05
4.104	4.52E-05
4.105	4.50E-05
4.106	4.47E-05
4.107	4.44E-05
4.108	4.41E-05
4.109	4.37E-05
4.11	4.32E-05
4.111	4.26E-05
4.112	4.20E-05
4.113	4.14E-05
4.114	4.07E-05
4.115	3.99E-05
4.116	3.91E-05
4.117	3.82E-05
4.118	3.72E-05
4.119	3.62E-05
4.12	3.51E-05
4.121	3.40E-05
4.122	3.28E-05
4.123	3.16E-05
4.124	3.03E-05
4.125	2.89E-05
4.126	2.75E-05
4.127	2.60E-05
4.128	2.45E-05
4.129	2.29E-05
4.13	2.12E-05
4.131	1.95E-05
4.132	1.77E-05
4.133	1.59E-05
4.134	1.40E-05
4.135	1.21E-05
4.136	1.00E-05
4.137	7.98E-06
4.138	5.86E-06
4.139	3.67E-06
4.14	1.43E-06
4.141	8.40E-07
4.142	3.04E-06
4.143	5.18E-06
4.144	7.26E-06
4.145	9.29E-06
4.146	1.13E-05
4.147	1.32E-05
4.148	1.50E-05
4.149	1.68E-05
4.15	1.85E-05
4.151	2.02E-05
4.152	2.18E-05
4.153	2.34E-05
4.154	2.49E-05
4.155	2.63E-05
4.156	2.77E-05
4.157	2.90E-05
4.158	3.03E-05
4.159	3.15E-05
4.16	3.27E-05
4.161	3.38E-05
4.162	3.48E-05
4.163	3.58E-05
4.164	3.67E-05
4.165	3.76E-05
4.166	3.84E-05
4.167	3.91E-05
4.168	3.98E-05
4.169	4.05E-05
4.17	4.11E-05
4.171	4.16E-05
4.172	4.20E-05
4.173	4.24E-05
4.174	4.28E-05
4.175	4.31E-05
4.176	4.33E-05
4.177	4.35E-05
4.178	4.36E-05
4.179	4.37E-05
4.18	4.37E-05
4.181	4.36E-05
4.182	4.35E-05
4.183	4.33E-05
4.184	4.31E-05
4.185	4.28E-05
4.186	4.25E-05
4.187	4.21E-05
4.188	4.16E-05
4.189	4.11E-05
4.19	4.06E-05
4.191	3.99E-05
4.192	3.93E-05
4.193	3.85E-05
4.194	3.77E-05
4.195	3.69E-05
4.196	3.60E-05
4.197	3.50E-05
4.198	3.40E-05
4.199	3.29E-05
4.2	3.18E-05
4.201	3.06E-05
4.202	2.93E-05
4.203	2.80E-05
4.204	2.67E-05
4.205	2.52E-05
4.206	2.38E-05
4.207	2.22E-05
4.208	2.06E-05
4.209	1.90E-05
4.21	1.73E-05
4.211	1.55E-05
4.212	1.37E-05
4.213	1.18E-05
4.214	9.92E-06
4.215	7.94E-06
4.216	5.90E-06
4.217	3.80E-06
4.218	1.65E-06
4.219	5.40E-07
4.22	2.67E-06
4.221	4.74E-06
4.222	6.75E-06
4.223	8.71E-06
4.224	1.06E-05
4.225	1.25E-05
4.226	1.42E-05
4.227	1.60E-05
4.228	1.77E-05
4.229	1.93E-05
4.23	2.08E-05
4.231	2.24E-05
4.232	2.38E-05
4.233	2.52E-05
4.234	2.65E-05
4.235	2.78E-05
4.236	2.91E-05
4.237	3.02E-05
4.238	3.14E-05
4.239	3.24E-05
4.24	3.34E-05
4.241	3.44E-05
4.242	3.53E-05
4.243	3.61E-05
4.244	3.69E-05
4.245	3.76E-05
4.246	3.83E-05
4.247	3.89E-05
4.248	3.95E-05
4.249	4.00E-05
4.25	4.05E-05
4.251	4.08E-05
4.252	4.12E-05
4.253	4.15E-05
4.254	4.17E-05
4.255	4.19E-05
4.256	4.20E-05
4.257	4.21E-05
4.258	4.21E-05
4.259	4.20E-05
4.26	4.19E-05
4.261	4.18E-05
4.262	4.16E-05
4.263	4.13E-05
4.264	4.10E-05
4.265	4.06E-05
4.266	4.02E-05
4.267	3.97E-05
4.268	3.92E-05
4.269	3.86E-05
4.27	3.79E-05
4.271	3.72E-05
4.272	3.65E-05
4.273	3.56E-05
4.274	3.48E-05
4.275	3.38E-05
4.276	3.29E-05
4.277	3.18E-05
4.278	3.07E-05
4.279	2.96E-05
4.28	2.84E-05
4.281	2.72E-05
4.282	2.59E-05
4.283	2.45E-05
4.284	2.31E-05
4.285	2.16E-05
4.286	2.01E-05
4.287	1.85E-05
4.288	1.69E-05
4.289	1.52E-05
4.29	1.34E-05
4.291	1.16E-05
4.292	9.80E-06
4.293	7.89E-06
4.294	5.93E-06
4.295	3.92E-06
4.296	1.85E-06
4.297	2.61E-07
4.298	2.32E-06
4.299	4.32E-06
4.3	6.27E-06
4.301	8.16E-06
4.302	1.00E-05
4.303	1.18E-05
4.304	1.35E-05
4.305	1.52E-05
4.306	1.68E-05
4.307	1.84E-05
4.308	1.99E-05
4.309	2.14E-05
4.31	2.28E-05
4.311	2.41E-05
4.312	2.54E-05
4.313	2.67E-05
4.314	2.79E-05
4.315	2.90E-05
4.316	3.01E-05
4.317	3.11E-05
4.318	3.21E-05
4.319	3.30E-05
4.32	3.39E-05
4.321	3.47E-05
4.322	3.55E-05
4.323	3.62E-05
4.324	3.69E-05
4.325	3.75E-05
4.326	3.80E-05
4.327	3.85E-05
4.328	3.90E-05
4.329	3.93E-05
4.33	3.97E-05
4.331	4.00E-05
4.332	4.02E-05
4.333	4.04E-05
4.334	4.05E-05
4.335	4.06E-05
4.336	4.06E-05
4.337	4.05E-05
4.338	4.05E-05
4.339	4.03E-05
4.34	4.01E-05
4.341	3.99E-05
4.342	3.96E-05
4.343	3.92E-05
4.344	3.88E-05
4.345	3.83E-05
4.346	3.78E-05
4.347	3.73E-05
4.348	3.66E-05
4.349	3.60E-05
4.35	3.52E-05
4.351	3.45E-05
4.352	3.36E-05
4.353	3.28E-05
4.354	3.18E-05
4.355	3.08E-05
4.356	2.98E-05
4.357	2.87E-05
4.358	2.75E-05
4.359	2.63E-05
4.36	2.51E-05
4.361	2.38E-05
4.362	2.24E-05
4.363	2.10E-05
4.364	1.96E-05
4.365	1.80E-05
4.366	1.65E-05
4.367	1.48E-05
4.368	1.32E-05
4.369	1.15E-05
4.37	9.67E-06
4.371	7.84E-06
4.372	5.96E-06
4.373	4.03E-06
4.374	2.04E-06
4.375	0

