x	y
0.626	2.40E-05
0.627	4.54E-05
0.628	6.43E-05
0.629	8.07E-05
0.63	9.45E-05
0.631	0.000105800186393
0.632	0.000114596355634
0.633	0.000120888916549
0.634	0.000124685773196
0.635	0.000125994792258
0.636	0.000124823803286
0.637	0.000121180598924
0.638	0.000115072935147
0.639	0.000106508531489
0.64	9.55E-05
0.641	8.20E-05
0.642	6.62E-05
0.643	4.78E-05
0.644	2.71E-05
0.645	3.96E-06
0.646	1.91E-05
0.647	3.96E-05
0.648	5.77E-05
0.649	7.34E-05
0.65	8.68E-05
0.651	9.78E-05
0.652	0.000106467255908
0.653	0.000112760335815
0.654	0.000116708246712
0.655	0.000118318154894
0.656	0.000117597193861
0.657	0.000114552464511
0.658	0.000109191035347
0.659	0.000101519942666
0.66	9.15E-05
0.661	7.93E-05
0.662	6.47E-05
0.663	4.79E-05
0.664	2.88E-05
0.665	7.38E-06
0.666	1.46E-05
0.667	3.43E-05
0.668	5.17E-05
0.669	6.69E-05
0.67	7.98E-05
0.671	9.05E-05
0.672	9.90E-05
0.673	0.000105314559594
0.674	0.000109388854949
0.675	0.000111261842947
0.676	0.000110940041157
0.677	0.000108429938244
0.678	0.00010373799414
0.679	9.69E-05
0.68	8.78E-05
0.681	7.66E-05
0.682	6.33E-05
0.683	4.78E-05
0.684	3.01E-05
0.685	1.03E-05
0.686	1.06E-05
0.687	2.95E-05
0.688	4.62E-05
0.689	6.09E-05
0.69	7.34E-05
0.691	8.39E-05
0.692	9.22E-05
0.693	9.85E-05
0.694	0.000102655064126
0.695	0.0001047582932
0.696	0.000104791233914
0.697	0.000102759831105
0.698	9.87E-05
0.699	9.25E-05
0.7	8.43E-05
0.701	7.41E-05
0.702	6.18E-05
0.703	4.75E-05
0.704	3.12E-05
0.705	1.29E-05
0.706	6.92E-06
0.707	2.51E-05
0.708	4.12E-05
0.709	5.54E-05
0.71	6.76E-05
0.711	7.77E-05
0.712	8.59E-05
0.713	9.22E-05
0.714	9.64E-05
0.715	9.87E-05
0.716	9.91E-05
0.717	9.75E-05
0.718	9.39E-05
0.719	8.85E-05
0.72	8.10E-05
0.721	7.17E-05
0.722	6.04E-05
0.723	4.72E-05
0.724	3.21E-05
0.725	1.51E-05
0.726	3.60E-06
0.727	2.11E-05
0.728	3.67E-05
0.729	5.04E-05
0.73	6.22E-05
0.731	7.21E-05
0.732	8.02E-05
0.733	8.64E-05
0.734	9.07E-05
0.735	9.32E-05
0.736	9.38E-05
0.737	9.26E-05
0.738	8.95E-05
0.739	8.46E-05
0.74	7.79E-05
0.741	6.94E-05
0.742	5.90E-05
0.743	4.68E-05
0.744	3.28E-05
0.745	1.70E-05
0.746	5.73E-07
0.747	1.74E-05
0.748	3.25E-05
0.749	4.57E-05
0.75	5.72E-05
0.751	6.69E-05
0.752	7.48E-05
0.753	8.10E-05
0.754	8.54E-05
0.755	8.80E-05
0.756	8.89E-05
0.757	8.80E-05
0.758	8.54E-05
0.759	8.11E-05
0.76	7.50E-05
0.761	6.72E-05
0.762	5.76E-05
0.763	4.63E-05
0.764	3.34E-05
0.765	1.87E-05
0.766	2.24E-06
0.767	1.41E-05
0.768	2.86E-05
0.769	4.15E-05
0.77	5.26E-05
0.771	6.21E-05
0.772	6.99E-05
0.773	7.60E-05
0.774	8.04E-05
0.775	8.32E-05
0.776	8.43E-05
0.777	8.38E-05
0.778	8.16E-05
0.779	7.77E-05
0.78	7.22E-05
0.781	6.50E-05
0.782	5.62E-05
0.783	4.58E-05
0.784	3.37E-05
0.785	2.01E-05
0.786	4.75E-06
0.787	1.10E-05
0.788	2.50E-05
0.789	3.75E-05
0.79	4.84E-05
0.791	5.76E-05
0.792	6.53E-05
0.793	7.14E-05
0.794	7.58E-05
0.795	7.87E-05
0.796	8.00E-05
0.797	7.98E-05
0.798	7.79E-05
0.799	7.45E-05
0.8	6.95E-05
0.801	6.30E-05
0.802	5.49E-05
0.803	4.52E-05
0.804	3.40E-05
0.805	2.13E-05
0.806	6.96E-06
0.807	8.13E-06
0.808	2.18E-05
0.809	3.39E-05
0.81	4.44E-05
0.811	5.35E-05
0.812	6.10E-05
0.813	6.70E-05
0.814	7.16E-05
0.815	7.45E-05
0.816	7.60E-05
0.817	7.60E-05
0.818	7.45E-05
0.819	7.15E-05
0.82	6.70E-05
0.821	6.10E-05
0.822	5.36E-05
0.823	4.46E-05
0.824	3.42E-05
0.825	2.23E-05
0.826	8.92E-06
0.827	5.51E-06
0.828	1.87E-05
0.829	3.05E-05
0.83	4.08E-05
0.831	4.97E-05
0.832	5.71E-05
0.833	6.30E-05
0.834	6.75E-05
0.835	7.06E-05
0.836	7.23E-05
0.837	7.25E-05
0.838	7.13E-05
0.839	6.87E-05
0.84	6.46E-05
0.841	5.91E-05
0.842	5.23E-05
0.843	4.40E-05
0.844	3.43E-05
0.845	2.31E-05
0.846	1.06E-05
0.847	3.09E-06
0.848	1.59E-05
0.849	2.74E-05
0.85	3.74E-05
0.851	4.61E-05
0.852	5.34E-05
0.853	5.93E-05
0.854	6.38E-05
0.855	6.70E-05
0.856	6.88E-05
0.857	6.92E-05
0.858	6.83E-05
0.859	6.60E-05
0.86	6.23E-05
0.861	5.73E-05
0.862	5.10E-05
0.863	4.33E-05
0.864	3.42E-05
0.865	2.39E-05
0.866	1.22E-05
0.867	8.49E-07
0.868	1.33E-05
0.869	2.44E-05
0.87	3.42E-05
0.871	4.27E-05
0.872	4.99E-05
0.873	5.57E-05
0.874	6.03E-05
0.875	6.35E-05
0.876	6.54E-05
0.877	6.61E-05
0.878	6.54E-05
0.879	6.34E-05
0.88	6.01E-05
0.881	5.56E-05
0.882	4.97E-05
0.883	4.26E-05
0.884	3.42E-05
0.885	2.45E-05
0.886	1.35E-05
0.887	1.25E-06
0.888	1.09E-05
0.889	2.17E-05
0.89	3.13E-05
0.891	3.96E-05
0.892	4.67E-05
0.893	5.24E-05
0.894	5.70E-05
0.895	6.03E-05
0.896	6.23E-05
0.897	6.31E-05
0.898	6.27E-05
0.899	6.10E-05
0.9	5.81E-05
0.901	5.39E-05
0.902	4.85E-05
0.903	4.19E-05
0.904	3.40E-05
0.905	2.50E-05
0.906	1.47E-05
0.907	3.17E-06
0.908	8.62E-06
0.909	1.92E-05
0.91	2.85E-05
0.911	3.67E-05
0.912	4.36E-05
0.913	4.94E-05
0.914	5.39E-05
0.915	5.72E-05
0.916	5.94E-05
0.917	6.03E-05
0.918	6.01E-05
0.919	5.87E-05
0.92	5.61E-05
0.921	5.23E-05
0.922	4.73E-05
0.923	4.12E-05
0.924	3.39E-05
0.925	2.54E-05
0.926	1.57E-05
0.927	4.89E-06
0.928	6.51E-06
0.929	1.68E-05
0.93	2.60E-05
0.931	3.39E-05
0.932	4.08E-05
0.933	4.64E-05
0.934	5.10E-05
0.935	5.44E-05
0.936	5.66E-05
0.937	5.77E-05
0.938	5.77E-05
0.939	5.65E-05
0.94	5.42E-05
0.941	5.07E-05
0.942	4.61E-05
0.943	4.04E-05
0.944	3.36E-05
0.945	2.57E-05
0.946	1.66E-05
0.947	6.42E-06
0.948	4.54E-06
0.949	1.46E-05
0.95	2.35E-05
0.951	3.14E-05
0.952	3.81E-05
0.953	4.37E-05
0.954	4.82E-05
0.955	5.16E-05
0.956	5.40E-05
0.957	5.52E-05
0.958	5.53E-05
0.959	5.44E-05
0.96	5.23E-05
0.961	4.92E-05
0.962	4.50E-05
0.963	3.97E-05
0.964	3.34E-05
0.965	2.59E-05
0.966	1.74E-05
0.967	7.80E-06
0.968	2.70E-06
0.969	1.25E-05
0.97	2.13E-05
0.971	2.89E-05
0.972	3.56E-05
0.973	4.11E-05
0.974	4.56E-05
0.975	4.91E-05
0.976	5.15E-05
0.977	5.28E-05
0.978	5.31E-05
0.979	5.24E-05
0.98	5.06E-05
0.981	4.78E-05
0.982	4.39E-05
0.983	3.90E-05
0.984	3.30E-05
0.985	2.61E-05
0.986	1.81E-05
0.987	9.04E-06
0.988	9.81E-07
0.989	1.06E-05
0.99	1.91E-05
0.991	2.67E-05
0.992	3.32E-05
0.993	3.87E-05
0.994	4.32E-05
0.995	4.66E-05
0.996	4.91E-05
0.997	5.06E-05
0.998	5.10E-05
0.999	5.05E-05
1	4.89E-05
1.001	4.64E-05
1.002	4.28E-05
1.003	3.83E-05
1.004	3.27E-05
1.005	2.62E-05
1.006	1.87E-05
1.007	1.01E-05
1.008	6.47E-07
1.009	8.73E-06
1.01	1.71E-05
1.011	2.45E-05
1.012	3.09E-05
1.013	3.64E-05
1.014	4.08E-05
1.015	4.43E-05
1.016	4.69E-05
1.017	4.84E-05
1.018	4.90E-05
1.019	4.86E-05
1.02	4.73E-05
1.021	4.50E-05
1.022	4.17E-05
1.023	3.75E-05
1.024	3.24E-05
1.025	2.62E-05
1.026	1.92E-05
1.027	1.11E-05
1.028	2.16E-06
1.029	7.00E-06
1.03	1.52E-05
1.031	2.25E-05
1.032	2.88E-05
1.033	3.42E-05
1.034	3.86E-05
1.035	4.22E-05
1.036	4.47E-05
1.037	4.64E-05
1.038	4.71E-05
1.039	4.69E-05
1.04	4.58E-05
1.041	4.37E-05
1.042	4.07E-05
1.043	3.68E-05
1.044	3.20E-05
1.045	2.62E-05
1.046	1.96E-05
1.047	1.20E-05
1.048	3.53E-06
1.049	5.38E-06
1.05	1.34E-05
1.051	2.06E-05
1.052	2.68E-05
1.053	3.21E-05
1.054	3.65E-05
1.055	4.01E-05
1.056	4.27E-05
1.057	4.44E-05
1.058	4.53E-05
1.059	4.52E-05
1.06	4.43E-05
1.061	4.24E-05
1.062	3.97E-05
1.063	3.61E-05
1.064	3.16E-05
1.065	2.62E-05
1.066	1.99E-05
1.067	1.28E-05
1.068	4.77E-06
1.069	3.85E-06
1.07	1.17E-05
1.071	1.87E-05
1.072	2.49E-05
1.073	3.02E-05
1.074	3.46E-05
1.075	3.81E-05
1.076	4.08E-05
1.077	4.26E-05
1.078	4.35E-05
1.079	4.36E-05
1.08	4.28E-05
1.081	4.12E-05
1.082	3.87E-05
1.083	3.54E-05
1.084	3.12E-05
1.085	2.61E-05
1.086	2.02E-05
1.087	1.35E-05
1.088	5.90E-06
1.089	2.40E-06
1.09	1.01E-05
1.091	1.70E-05
1.092	2.31E-05
1.093	2.83E-05
1.094	3.27E-05
1.095	3.62E-05
1.096	3.89E-05
1.097	4.08E-05
1.098	4.18E-05
1.099	4.21E-05
1.1	4.14E-05
1.101	4.00E-05
1.102	3.77E-05
1.103	3.47E-05
1.104	3.07E-05
1.105	2.60E-05
1.106	2.05E-05
1.107	1.41E-05
1.108	6.92E-06
1.109	1.04E-06
1.11	8.63E-06
1.111	1.54E-05
1.112	2.14E-05
1.113	2.65E-05
1.114	3.09E-05
1.115	3.44E-05
1.116	3.72E-05
1.117	3.91E-05
1.118	4.02E-05
1.119	4.06E-05
1.12	4.01E-05
1.121	3.89E-05
1.122	3.68E-05
1.123	3.40E-05
1.124	3.03E-05
1.125	2.59E-05
1.126	2.07E-05
1.127	1.46E-05
1.128	7.84E-06
1.129	2.58E-07
1.13	7.20E-06
1.131	1.39E-05
1.132	1.97E-05
1.133	2.48E-05
1.134	2.92E-05
1.135	3.27E-05
1.136	3.55E-05
1.137	3.75E-05
1.138	3.87E-05
1.139	3.92E-05
1.14	3.88E-05
1.141	3.77E-05
1.142	3.59E-05
1.143	3.33E-05
1.144	2.99E-05
1.145	2.57E-05
1.146	2.08E-05
1.147	1.51E-05
1.148	8.68E-06
1.149	1.48E-06
1.15	5.84E-06
1.151	1.24E-05
1.152	1.82E-05
1.153	2.32E-05
1.154	2.75E-05
1.155	3.11E-05
1.156	3.39E-05
1.157	3.59E-05
1.158	3.72E-05
1.159	3.78E-05
1.16	3.76E-05
1.161	3.67E-05
1.162	3.50E-05
1.163	3.26E-05
1.164	2.94E-05
1.165	2.55E-05
1.166	2.09E-05
1.167	1.55E-05
1.168	9.43E-06
1.169	2.60E-06
1.17	4.55E-06
1.171	1.10E-05
1.172	1.67E-05
1.173	2.17E-05
1.174	2.60E-05
1.175	2.95E-05
1.176	3.23E-05
1.177	3.44E-05
1.178	3.58E-05
1.179	3.65E-05
1.18	3.64E-05
1.181	3.56E-05
1.182	3.41E-05
1.183	3.19E-05
1.184	2.90E-05
1.185	2.53E-05
1.186	2.10E-05
1.187	1.59E-05
1.188	1.01E-05
1.189	3.63E-06
1.19	3.33E-06
1.191	9.68E-06
1.192	1.53E-05
1.193	2.03E-05
1.194	2.45E-05
1.195	2.80E-05
1.196	3.09E-05
1.197	3.30E-05
1.198	3.45E-05
1.199	3.52E-05
1.2	3.52E-05
1.201	3.46E-05
1.202	3.33E-05
1.203	3.12E-05
1.204	2.85E-05
1.205	2.51E-05
1.206	2.10E-05
1.207	1.62E-05
1.208	1.07E-05
1.209	4.56E-06
1.21	2.16E-06
1.211	8.41E-06
1.212	1.40E-05
1.213	1.89E-05
1.214	2.31E-05
1.215	2.66E-05
1.216	2.95E-05
1.217	3.16E-05
1.218	3.31E-05
1.219	3.40E-05
1.22	3.41E-05
1.221	3.36E-05
1.222	3.24E-05
1.223	3.06E-05
1.224	2.80E-05
1.225	2.48E-05
1.226	2.10E-05
1.227	1.65E-05
1.228	1.13E-05
1.229	5.42E-06
1.23	1.05E-06
1.231	7.21E-06
1.232	1.27E-05
1.233	1.75E-05
1.234	2.17E-05
1.235	2.52E-05
1.236	2.81E-05
1.237	3.03E-05
1.238	3.19E-05
1.239	3.28E-05
1.24	3.30E-05
1.241	3.27E-05
1.242	3.16E-05
1.243	2.99E-05
1.244	2.76E-05
1.245	2.46E-05
1.246	2.10E-05
1.247	1.67E-05
1.248	1.18E-05
1.249	6.20E-06
1.25	3.61E-16
1.251	6.06E-06
1.252	1.15E-05
1.253	1.63E-05
1.254	2.04E-05
1.255	2.39E-05
1.256	2.68E-05
1.257	2.91E-05
1.258	3.07E-05
1.259	3.17E-05
1.26	3.20E-05
1.261	3.17E-05
1.262	3.08E-05
1.263	2.93E-05
1.264	2.71E-05
1.265	2.43E-05
1.266	2.09E-05
1.267	1.69E-05
1.268	1.22E-05
1.269	6.92E-06
1.27	1.01E-06
1.271	4.97E-06
1.272	1.03E-05
1.273	1.51E-05
1.274	1.92E-05
1.275	2.27E-05
1.276	2.56E-05
1.277	2.78E-05
1.278	2.95E-05
1.279	3.06E-05
1.28	3.10E-05
1.281	3.08E-05
1.282	3.00E-05
1.283	2.86E-05
1.284	2.66E-05
1.285	2.40E-05
1.286	2.08E-05
1.287	1.70E-05
1.288	1.26E-05
1.289	7.57E-06
1.29	1.94E-06
1.291	3.92E-06
1.292	9.21E-06
1.293	1.39E-05
1.294	1.80E-05
1.295	2.15E-05
1.296	2.44E-05
1.297	2.67E-05
1.298	2.84E-05
1.299	2.95E-05
1.3	3.00E-05
1.301	2.99E-05
1.302	2.93E-05
1.303	2.80E-05
1.304	2.62E-05
1.305	2.37E-05
1.306	2.07E-05
1.307	1.71E-05
1.308	1.29E-05
1.309	8.16E-06
1.31	2.80E-06
1.311	2.92E-06
1.312	8.14E-06
1.313	1.28E-05
1.314	1.68E-05
1.315	2.03E-05
1.316	2.32E-05
1.317	2.55E-05
1.318	2.73E-05
1.319	2.85E-05
1.32	2.91E-05
1.321	2.91E-05
1.322	2.85E-05
1.323	2.74E-05
1.324	2.57E-05
1.325	2.34E-05
1.326	2.06E-05
1.327	1.72E-05
1.328	1.32E-05
1.329	8.70E-06
1.33	3.59E-06
1.331	1.96E-06
1.332	7.12E-06
1.333	1.17E-05
1.334	1.57E-05
1.335	1.92E-05
1.336	2.21E-05
1.337	2.45E-05
1.338	2.62E-05
1.339	2.75E-05
1.34	2.81E-05
1.341	2.82E-05
1.342	2.78E-05
1.343	2.68E-05
1.344	2.52E-05
1.345	2.31E-05
1.346	2.05E-05
1.347	1.73E-05
1.348	1.35E-05
1.349	9.19E-06
1.35	4.32E-06
1.351	1.05E-06
1.352	6.14E-06
1.353	1.07E-05
1.354	1.47E-05
1.355	1.81E-05
1.356	2.10E-05
1.357	2.34E-05
1.358	2.52E-05
1.359	2.65E-05
1.36	2.72E-05
1.361	2.74E-05
1.362	2.71E-05
1.363	2.62E-05
1.364	2.48E-05
1.365	2.28E-05
1.366	2.03E-05
1.367	1.73E-05
1.368	1.37E-05
1.369	9.63E-06
1.37	4.99E-06
1.371	1.71E-07
1.372	5.20E-06
1.373	9.70E-06
1.374	1.37E-05
1.375	1.71E-05
1.376	2.00E-05
1.377	2.24E-05
1.378	2.42E-05
1.379	2.56E-05
1.38	2.64E-05
1.381	2.66E-05
1.382	2.64E-05
1.383	2.56E-05
1.384	2.43E-05
1.385	2.25E-05
1.386	2.02E-05
1.387	1.73E-05
1.388	1.39E-05
1.389	1.00E-05
1.39	5.61E-06
1.391	6.74E-07
1.392	4.30E-06
1.393	8.75E-06
1.394	1.27E-05
1.395	1.61E-05
1.396	1.90E-05
1.397	2.14E-05
1.398	2.33E-05
1.399	2.47E-05
1.4	2.55E-05
1.401	2.59E-05
1.402	2.57E-05
1.403	2.50E-05
1.404	2.39E-05
1.405	2.22E-05
1.406	2.00E-05
1.407	1.73E-05
1.408	1.41E-05
1.409	1.04E-05
1.41	6.18E-06
1.411	1.46E-06
1.412	3.43E-06
1.413	7.84E-06
1.414	1.17E-05
1.415	1.51E-05
1.416	1.81E-05
1.417	2.05E-05
1.418	2.24E-05
1.419	2.38E-05
1.42	2.47E-05
1.421	2.51E-05
1.422	2.50E-05
1.423	2.45E-05
1.424	2.34E-05
1.425	2.19E-05
1.426	1.98E-05
1.427	1.73E-05
1.428	1.42E-05
1.429	1.07E-05
1.43	6.69E-06
1.431	2.19E-06
1.432	2.60E-06
1.433	6.96E-06
1.434	1.08E-05
1.435	1.42E-05
1.436	1.71E-05
1.437	1.95E-05
1.438	2.15E-05
1.439	2.29E-05
1.44	2.39E-05
1.441	2.44E-05
1.442	2.44E-05
1.443	2.39E-05
1.444	2.30E-05
1.445	2.15E-05
1.446	1.96E-05
1.447	1.72E-05
1.448	1.43E-05
1.449	1.10E-05
1.45	7.17E-06
1.451	2.87E-06
1.452	1.80E-06
1.453	6.12E-06
1.454	9.96E-06
1.455	1.33E-05
1.456	1.62E-05
1.457	1.87E-05
1.458	2.06E-05
1.459	2.21E-05
1.46	2.31E-05
1.461	2.37E-05
1.462	2.38E-05
1.463	2.34E-05
1.464	2.25E-05
1.465	2.12E-05
1.466	1.94E-05
1.467	1.72E-05
1.468	1.44E-05
1.469	1.13E-05
1.47	7.61E-06
1.471	3.50E-06
1.472	1.03E-06
1.473	5.31E-06
1.474	9.12E-06
1.475	1.25E-05
1.476	1.54E-05
1.477	1.78E-05
1.478	1.98E-05
1.479	2.13E-05
1.48	2.24E-05
1.481	2.30E-05
1.482	2.31E-05
1.483	2.28E-05
1.484	2.21E-05
1.485	2.09E-05
1.486	1.92E-05
1.487	1.71E-05
1.488	1.45E-05
1.489	1.15E-05
1.49	8.00E-06
1.491	4.08E-06
1.492	2.89E-07
1.493	4.52E-06
1.494	8.31E-06
1.495	1.16E-05
1.496	1.45E-05
1.497	1.70E-05
1.498	1.90E-05
1.499	2.05E-05
1.5	2.16E-05
1.501	2.23E-05
1.502	2.25E-05
1.503	2.23E-05
1.504	2.16E-05
1.505	2.05E-05
1.506	1.90E-05
1.507	1.70E-05
1.508	1.45E-05
1.509	1.17E-05
1.51	8.37E-06
1.511	4.62E-06
1.512	4.28E-07
1.513	3.77E-06
1.514	7.53E-06
1.515	1.08E-05
1.516	1.37E-05
1.517	1.62E-05
1.518	1.82E-05
1.519	1.98E-05
1.52	2.09E-05
1.521	2.16E-05
1.522	2.19E-05
1.523	2.18E-05
1.524	2.12E-05
1.525	2.02E-05
1.526	1.87E-05
1.527	1.69E-05
1.528	1.46E-05
1.529	1.18E-05
1.53	8.69E-06
1.531	5.11E-06
1.532	1.10E-06
1.533	3.04E-06
1.534	6.77E-06
1.535	1.01E-05
1.536	1.29E-05
1.537	1.54E-05
1.538	1.74E-05
1.539	1.90E-05
1.54	2.02E-05
1.541	2.10E-05
1.542	2.13E-05
1.543	2.13E-05
1.544	2.08E-05
1.545	1.98E-05
1.546	1.85E-05
1.547	1.68E-05
1.548	1.46E-05
1.549	1.20E-05
1.55	8.99E-06
1.551	5.57E-06
1.552	1.73E-06
1.553	2.34E-06
1.554	6.04E-06
1.555	9.32E-06
1.556	1.22E-05
1.557	1.47E-05
1.558	1.67E-05
1.559	1.83E-05
1.56	1.96E-05
1.561	2.04E-05
1.562	2.08E-05
1.563	2.08E-05
1.564	2.03E-05
1.565	1.95E-05
1.566	1.83E-05
1.567	1.66E-05
1.568	1.46E-05
1.569	1.21E-05
1.57	9.26E-06
1.571	5.99E-06
1.572	2.32E-06
1.573	1.66E-06
1.574	5.33E-06
1.575	8.60E-06
1.576	1.15E-05
1.577	1.39E-05
1.578	1.60E-05
1.579	1.76E-05
1.58	1.89E-05
1.581	1.97E-05
1.582	2.02E-05
1.583	2.03E-05
1.584	1.99E-05
1.585	1.92E-05
1.586	1.80E-05
1.587	1.65E-05
1.588	1.46E-05
1.589	1.22E-05
1.59	9.51E-06
1.591	6.38E-06
1.592	2.86E-06
1.593	1.00E-06
1.594	4.65E-06
1.595	7.89E-06
1.596	1.07E-05
1.597	1.32E-05
1.598	1.53E-05
1.599	1.70E-05
1.6	1.82E-05
1.601	1.91E-05
1.602	1.97E-05
1.603	1.98E-05
1.604	1.95E-05
1.605	1.88E-05
1.606	1.78E-05
1.607	1.64E-05
1.608	1.45E-05
1.609	1.23E-05
1.61	9.72E-06
1.611	6.74E-06
1.612	3.37E-06
1.613	3.70E-07
1.614	3.98E-06
1.615	7.21E-06
1.616	1.01E-05
1.617	1.25E-05
1.618	1.46E-05
1.619	1.63E-05
1.62	1.76E-05
1.621	1.86E-05
1.622	1.91E-05
1.623	1.93E-05
1.624	1.91E-05
1.625	1.85E-05
1.626	1.75E-05
1.627	1.62E-05
1.628	1.45E-05
1.629	1.24E-05
1.63	9.92E-06
1.631	7.07E-06
1.632	3.84E-06
1.633	2.45E-07
1.634	3.34E-06
1.635	6.55E-06
1.636	9.39E-06
1.637	1.19E-05
1.638	1.39E-05
1.639	1.57E-05
1.64	1.70E-05
1.641	1.80E-05
1.642	1.86E-05
1.643	1.88E-05
1.644	1.87E-05
1.645	1.82E-05
1.646	1.73E-05
1.647	1.60E-05
1.648	1.44E-05
1.649	1.24E-05
1.65	1.01E-05
1.651	7.37E-06
1.652	4.28E-06
1.653	8.30E-07
1.654	2.72E-06
1.655	5.92E-06
1.656	8.74E-06
1.657	1.12E-05
1.658	1.33E-05
1.659	1.50E-05
1.66	1.64E-05
1.661	1.74E-05
1.662	1.81E-05
1.663	1.84E-05
1.664	1.83E-05
1.665	1.78E-05
1.666	1.70E-05
1.667	1.59E-05
1.668	1.44E-05
1.669	1.25E-05
1.67	1.02E-05
1.671	7.64E-06
1.672	4.69E-06
1.673	1.38E-06
1.674	2.12E-06
1.675	5.30E-06
1.676	8.11E-06
1.677	1.06E-05
1.678	1.27E-05
1.679	1.44E-05
1.68	1.58E-05
1.681	1.69E-05
1.682	1.76E-05
1.683	1.79E-05
1.684	1.79E-05
1.685	1.75E-05
1.686	1.68E-05
1.687	1.57E-05
1.688	1.43E-05
1.689	1.25E-05
1.69	1.04E-05
1.691	7.90E-06
1.692	5.07E-06
1.693	1.89E-06
1.694	1.54E-06
1.695	4.69E-06
1.696	7.50E-06
1.697	9.96E-06
1.698	1.21E-05
1.699	1.38E-05
1.7	1.53E-05
1.701	1.63E-05
1.702	1.71E-05
1.703	1.74E-05
1.704	1.75E-05
1.705	1.72E-05
1.706	1.65E-05
1.707	1.55E-05
1.708	1.42E-05
1.709	1.25E-05
1.71	1.05E-05
1.711	8.12E-06
1.712	5.42E-06
1.713	2.37E-06
1.714	9.74E-07
1.715	4.11E-06
1.716	6.91E-06
1.717	9.37E-06
1.718	1.15E-05
1.719	1.33E-05
1.72	1.47E-05
1.721	1.58E-05
1.722	1.66E-05
1.723	1.70E-05
1.724	1.71E-05
1.725	1.68E-05
1.726	1.63E-05
1.727	1.53E-05
1.728	1.41E-05
1.729	1.25E-05
1.73	1.06E-05
1.731	8.33E-06
1.732	5.74E-06
1.733	2.82E-06
1.734	4.27E-07
1.735	3.54E-06
1.736	6.33E-06
1.737	8.79E-06
1.738	1.09E-05
1.739	1.27E-05
1.74	1.42E-05
1.741	1.53E-05
1.742	1.61E-05
1.743	1.66E-05
1.744	1.67E-05
1.745	1.65E-05
1.746	1.60E-05
1.747	1.52E-05
1.748	1.40E-05
1.749	1.25E-05
1.75	1.07E-05
1.751	8.52E-06
1.752	6.04E-06
1.753	3.24E-06
1.754	1.06E-07
1.755	2.99E-06
1.756	5.77E-06
1.757	8.22E-06
1.758	1.03E-05
1.759	1.22E-05
1.76	1.36E-05
1.761	1.48E-05
1.762	1.56E-05
1.763	1.61E-05
1.764	1.63E-05
1.765	1.62E-05
1.766	1.57E-05
1.767	1.50E-05
1.768	1.39E-05
1.769	1.25E-05
1.77	1.07E-05
1.771	8.68E-06
1.772	6.31E-06
1.773	3.63E-06
1.774	6.19E-07
1.775	2.46E-06
1.776	5.22E-06
1.777	7.67E-06
1.778	9.80E-06
1.779	1.16E-05
1.78	1.31E-05
1.781	1.43E-05
1.782	1.52E-05
1.783	1.57E-05
1.784	1.59E-05
1.785	1.59E-05
1.786	1.55E-05
1.787	1.48E-05
1.788	1.38E-05
1.789	1.24E-05
1.79	1.08E-05
1.791	8.83E-06
1.792	6.57E-06
1.793	3.99E-06
1.794	1.10E-06
1.795	1.94E-06
1.796	4.69E-06
1.797	7.13E-06
1.798	9.27E-06
1.799	1.11E-05
1.8	1.26E-05
1.801	1.38E-05
1.802	1.47E-05
1.803	1.53E-05
1.804	1.56E-05
1.805	1.56E-05
1.806	1.52E-05
1.807	1.46E-05
1.808	1.36E-05
1.809	1.24E-05
1.81	1.08E-05
1.811	8.97E-06
1.812	6.80E-06
1.813	4.33E-06
1.814	1.55E-06
1.815	1.44E-06
1.816	4.18E-06
1.817	6.61E-06
1.818	8.75E-06
1.819	1.06E-05
1.82	1.21E-05
1.821	1.33E-05
1.822	1.43E-05
1.823	1.49E-05
1.824	1.52E-05
1.825	1.52E-05
1.826	1.50E-05
1.827	1.44E-05
1.828	1.35E-05
1.829	1.23E-05
1.83	1.09E-05
1.831	9.08E-06
1.832	7.01E-06
1.833	4.64E-06
1.834	1.98E-06
1.835	9.44E-07
1.836	3.67E-06
1.837	6.10E-06
1.838	8.24E-06
1.839	1.01E-05
1.84	1.16E-05
1.841	1.29E-05
1.842	1.38E-05
1.843	1.45E-05
1.844	1.49E-05
1.845	1.49E-05
1.846	1.47E-05
1.847	1.42E-05
1.848	1.34E-05
1.849	1.23E-05
1.85	1.09E-05
1.851	9.19E-06
1.852	7.21E-06
1.853	4.94E-06
1.854	2.37E-06
1.855	4.65E-07
1.856	3.18E-06
1.857	5.61E-06
1.858	7.75E-06
1.859	9.59E-06
1.86	1.11E-05
1.861	1.24E-05
1.862	1.34E-05
1.863	1.41E-05
1.864	1.45E-05
1.865	1.46E-05
1.866	1.44E-05
1.867	1.40E-05
1.868	1.32E-05
1.869	1.22E-05
1.87	1.09E-05
1.871	9.27E-06
1.872	7.38E-06
1.873	5.21E-06
1.874	2.75E-06
1.875	5.55E-16
1.876	2.70E-06
1.877	5.13E-06
1.878	7.26E-06
1.879	9.12E-06
1.88	1.07E-05
1.881	1.20E-05
1.882	1.30E-05
1.883	1.37E-05
1.884	1.41E-05
1.885	1.43E-05
1.886	1.42E-05
1.887	1.38E-05
1.888	1.31E-05
1.889	1.21E-05
1.89	1.09E-05
1.891	9.35E-06
1.892	7.54E-06
1.893	5.46E-06
1.894	3.09E-06
1.895	4.52E-07
1.896	2.24E-06
1.897	4.65E-06
1.898	6.79E-06
1.899	8.65E-06
1.9	1.02E-05
1.901	1.15E-05
1.902	1.26E-05
1.903	1.33E-05
1.904	1.38E-05
1.905	1.40E-05
1.906	1.39E-05
1.907	1.36E-05
1.908	1.29E-05
1.909	1.20E-05
1.91	1.09E-05
1.911	9.41E-06
1.912	7.69E-06
1.913	5.69E-06
1.914	3.42E-06
1.915	8.79E-07
1.916	1.79E-06
1.917	4.19E-06
1.918	6.33E-06
1.919	8.19E-06
1.92	9.79E-06
1.921	1.11E-05
1.922	1.22E-05
1.923	1.29E-05
1.924	1.34E-05
1.925	1.37E-05
1.926	1.37E-05
1.927	1.34E-05
1.928	1.28E-05
1.929	1.19E-05
1.93	1.08E-05
1.931	9.46E-06
1.932	7.82E-06
1.933	5.91E-06
1.934	3.73E-06
1.935	1.28E-06
1.936	1.34E-06
1.937	3.75E-06
1.938	5.88E-06
1.939	7.75E-06
1.94	9.35E-06
1.941	1.07E-05
1.942	1.18E-05
1.943	1.26E-05
1.944	1.31E-05
1.945	1.34E-05
1.946	1.34E-05
1.947	1.31E-05
1.948	1.26E-05
1.949	1.19E-05
1.95	1.08E-05
1.951	9.50E-06
1.952	7.94E-06
1.953	6.10E-06
1.954	4.01E-06
1.955	1.66E-06
1.956	9.12E-07
1.957	3.31E-06
1.958	5.44E-06
1.959	7.31E-06
1.96	8.92E-06
1.961	1.03E-05
1.962	1.14E-05
1.963	1.22E-05
1.964	1.28E-05
1.965	1.31E-05
1.966	1.31E-05
1.967	1.29E-05
1.968	1.25E-05
1.969	1.17E-05
1.97	1.08E-05
1.971	9.53E-06
1.972	8.04E-06
1.973	6.29E-06
1.974	4.28E-06
1.975	2.01E-06
1.976	4.92E-07
1.977	2.88E-06
1.978	5.01E-06
1.979	6.89E-06
1.98	8.51E-06
1.981	9.87E-06
1.982	1.10E-05
1.983	1.18E-05
1.984	1.24E-05
1.985	1.28E-05
1.986	1.29E-05
1.987	1.27E-05
1.988	1.23E-05
1.989	1.16E-05
1.99	1.07E-05
1.991	9.55E-06
1.992	8.13E-06
1.993	6.45E-06
1.994	4.53E-06
1.995	2.35E-06
1.996	8.09E-08
1.997	2.46E-06
1.998	4.59E-06
1.999	6.47E-06
2	8.10E-06
2.001	9.48E-06
2.002	1.06E-05
2.003	1.15E-05
2.004	1.21E-05
2.005	1.25E-05
2.006	1.26E-05
2.007	1.25E-05
2.008	1.21E-05
2.009	1.15E-05
2.01	1.07E-05
2.011	9.56E-06
2.012	8.21E-06
2.013	6.61E-06
2.014	4.76E-06
2.015	2.66E-06
2.016	3.20E-07
2.017	2.05E-06
2.018	4.18E-06
2.019	6.06E-06
2.02	7.70E-06
2.021	9.09E-06
2.022	1.02E-05
2.023	1.11E-05
2.024	1.18E-05
2.025	1.22E-05
2.026	1.24E-05
2.027	1.23E-05
2.028	1.20E-05
2.029	1.14E-05
2.03	1.06E-05
2.031	9.57E-06
2.032	8.28E-06
2.033	6.75E-06
2.034	4.97E-06
2.035	2.96E-06
2.036	7.00E-07
2.037	1.65E-06
2.038	3.78E-06
2.039	5.66E-06
2.04	7.30E-06
2.041	8.70E-06
2.042	9.87E-06
2.043	1.08E-05
2.044	1.15E-05
2.045	1.19E-05
2.046	1.21E-05
2.047	1.21E-05
2.048	1.18E-05
2.049	1.13E-05
2.05	1.05E-05
2.051	9.56E-06
2.052	8.33E-06
2.053	6.87E-06
2.054	5.17E-06
2.055	3.23E-06
2.056	1.06E-06
2.057	1.26E-06
2.058	3.38E-06
2.059	5.27E-06
2.06	6.92E-06
2.061	8.33E-06
2.062	9.51E-06
2.063	1.04E-05
2.064	1.12E-05
2.065	1.16E-05
2.066	1.19E-05
2.067	1.19E-05
2.068	1.16E-05
2.069	1.12E-05
2.07	1.05E-05
2.071	9.55E-06
2.072	8.38E-06
2.073	6.99E-06
2.074	5.36E-06
2.075	3.49E-06
2.076	1.40E-06
2.077	8.82E-07
2.078	3.00E-06
2.079	4.88E-06
2.08	6.54E-06
2.081	7.96E-06
2.082	9.15E-06
2.083	1.01E-05
2.084	1.08E-05
2.085	1.13E-05
2.086	1.16E-05
2.087	1.17E-05
2.088	1.15E-05
2.089	1.11E-05
2.09	1.04E-05
2.091	9.53E-06
2.092	8.42E-06
2.093	7.09E-06
2.094	5.53E-06
2.095	3.74E-06
2.096	1.72E-06
2.097	5.09E-07
2.098	2.62E-06
2.099	4.51E-06
2.1	6.17E-06
2.101	7.60E-06
2.102	8.81E-06
2.103	9.78E-06
2.104	1.05E-05
2.105	1.11E-05
2.106	1.14E-05
2.107	1.14E-05
2.108	1.13E-05
2.109	1.09E-05
2.11	1.03E-05
2.111	9.50E-06
2.112	8.45E-06
2.113	7.18E-06
2.114	5.68E-06
2.115	3.96E-06
2.116	2.02E-06
2.117	1.44E-07
2.118	2.25E-06
2.119	4.14E-06
2.12	5.80E-06
2.121	7.24E-06
2.122	8.46E-06
2.123	9.46E-06
2.124	1.02E-05
2.125	1.08E-05
2.126	1.11E-05
2.127	1.12E-05
2.128	1.11E-05
2.129	1.08E-05
2.13	1.02E-05
2.131	9.46E-06
2.132	8.47E-06
2.133	7.26E-06
2.134	5.83E-06
2.135	4.18E-06
2.136	2.30E-06
2.137	2.14E-07
2.138	1.89E-06
2.139	3.78E-06
2.14	5.45E-06
2.141	6.90E-06
2.142	8.13E-06
2.143	9.14E-06
2.144	9.94E-06
2.145	1.05E-05
2.146	1.09E-05
2.147	1.10E-05
2.148	1.09E-05
2.149	1.07E-05
2.15	1.01E-05
2.151	9.42E-06
2.152	8.49E-06
2.153	7.33E-06
2.154	5.96E-06
2.155	4.37E-06
2.156	2.57E-06
2.157	5.55E-07
2.158	1.54E-06
2.159	3.42E-06
2.16	5.10E-06
2.161	6.55E-06
2.162	7.80E-06
2.163	8.82E-06
2.164	9.64E-06
2.165	1.02E-05
2.166	1.06E-05
2.167	1.08E-05
2.168	1.08E-05
2.169	1.05E-05
2.17	1.01E-05
2.171	9.38E-06
2.172	8.49E-06
2.173	7.39E-06
2.174	6.08E-06
2.175	4.56E-06
2.176	2.82E-06
2.177	8.79E-07
2.178	1.19E-06
2.179	3.08E-06
2.18	4.75E-06
2.181	6.22E-06
2.182	7.47E-06
2.183	8.51E-06
2.184	9.35E-06
2.185	9.97E-06
2.186	1.04E-05
2.187	1.06E-05
2.188	1.06E-05
2.189	1.04E-05
2.19	9.96E-06
2.191	9.33E-06
2.192	8.49E-06
2.193	7.44E-06
2.194	6.19E-06
2.195	4.73E-06
2.196	3.06E-06
2.197	1.18E-06
2.198	8.52E-07
2.199	2.74E-06
2.2	4.41E-06
2.201	5.88E-06
2.202	7.15E-06
2.203	8.21E-06
2.204	9.06E-06
2.205	9.71E-06
2.206	1.01E-05
2.207	1.04E-05
2.208	1.04E-05
2.209	1.02E-05
2.21	9.86E-06
2.211	9.27E-06
2.212	8.48E-06
2.213	7.49E-06
2.214	6.29E-06
2.215	4.89E-06
2.216	3.28E-06
2.217	1.47E-06
2.218	5.19E-07
2.219	2.40E-06
2.22	4.08E-06
2.221	5.56E-06
2.222	6.83E-06
2.223	7.91E-06
2.224	8.78E-06
2.225	9.44E-06
2.226	9.91E-06
2.227	1.02E-05
2.228	1.02E-05
2.229	1.01E-05
2.23	9.75E-06
2.231	9.21E-06
2.232	8.47E-06
2.233	7.53E-06
2.234	6.38E-06
2.235	5.04E-06
2.236	3.49E-06
2.237	1.75E-06
2.238	1.93E-07
2.239	2.07E-06
2.24	3.76E-06
2.241	5.24E-06
2.242	6.52E-06
2.243	7.61E-06
2.244	8.49E-06
2.245	9.18E-06
2.246	9.67E-06
2.247	9.96E-06
2.248	1.01E-05
2.249	9.95E-06
2.25	9.65E-06
2.251	9.15E-06
2.252	8.45E-06
2.253	7.55E-06
2.254	6.46E-06
2.255	5.17E-06
2.256	3.69E-06
2.257	2.01E-06
2.258	1.28E-07
2.259	1.75E-06
2.26	3.44E-06
2.261	4.92E-06
2.262	6.22E-06
2.263	7.31E-06
2.264	8.22E-06
2.265	8.92E-06
2.266	9.44E-06
2.267	9.75E-06
2.268	9.88E-06
2.269	9.80E-06
2.27	9.54E-06
2.271	9.08E-06
2.272	8.42E-06
2.273	7.58E-06
2.274	6.53E-06
2.275	5.30E-06
2.276	3.87E-06
2.277	2.25E-06
2.278	4.36E-07
2.279	1.44E-06
2.28	3.12E-06
2.281	4.62E-06
2.282	5.92E-06
2.283	7.03E-06
2.284	7.94E-06
2.285	8.67E-06
2.286	9.20E-06
2.287	9.54E-06
2.288	9.70E-06
2.289	9.66E-06
2.29	9.42E-06
2.291	9.00E-06
2.292	8.39E-06
2.293	7.59E-06
2.294	6.60E-06
2.295	5.41E-06
2.296	4.04E-06
2.297	2.48E-06
2.298	7.29E-07
2.299	1.13E-06
2.3	2.81E-06
2.301	4.31E-06
2.302	5.62E-06
2.303	6.74E-06
2.304	7.67E-06
2.305	8.41E-06
2.306	8.97E-06
2.307	9.34E-06
2.308	9.52E-06
2.309	9.51E-06
2.31	9.31E-06
2.311	8.93E-06
2.312	8.36E-06
2.313	7.60E-06
2.314	6.65E-06
2.315	5.52E-06
2.316	4.20E-06
2.317	2.70E-06
2.318	1.01E-06
2.319	8.23E-07
2.32	2.51E-06
2.321	4.01E-06
2.322	5.33E-06
2.323	6.46E-06
2.324	7.40E-06
2.325	8.16E-06
2.326	8.74E-06
2.327	9.13E-06
2.328	9.34E-06
2.329	9.36E-06
2.33	9.19E-06
2.331	8.85E-06
2.332	8.31E-06
2.333	7.60E-06
2.334	6.70E-06
2.335	5.62E-06
2.336	4.35E-06
2.337	2.90E-06
2.338	1.27E-06
2.339	5.24E-07
2.34	2.21E-06
2.341	3.72E-06
2.342	5.04E-06
2.343	6.18E-06
2.344	7.14E-06
2.345	7.92E-06
2.346	8.51E-06
2.347	8.92E-06
2.348	9.16E-06
2.349	9.21E-06
2.35	9.07E-06
2.351	8.76E-06
2.352	8.27E-06
2.353	7.59E-06
2.354	6.74E-06
2.355	5.71E-06
2.356	4.49E-06
2.357	3.09E-06
2.358	1.52E-06
2.359	2.31E-07
2.36	1.92E-06
2.361	3.43E-06
2.362	4.76E-06
2.363	5.91E-06
2.364	6.88E-06
2.365	7.67E-06
2.366	8.28E-06
2.367	8.72E-06
2.368	8.98E-06
2.369	9.05E-06
2.37	8.95E-06
2.371	8.68E-06
2.372	8.22E-06
2.373	7.59E-06
2.374	6.77E-06
2.375	5.78E-06
2.376	4.62E-06
2.377	3.28E-06
2.378	1.75E-06
2.379	5.77E-08
2.38	1.63E-06
2.381	3.14E-06
2.382	4.48E-06
2.383	5.64E-06
2.384	6.62E-06
2.385	7.43E-06
2.386	8.06E-06
2.387	8.52E-06
2.388	8.80E-06
2.389	8.90E-06
2.39	8.83E-06
2.391	8.59E-06
2.392	8.17E-06
2.393	7.57E-06
2.394	6.80E-06
2.395	5.86E-06
2.396	4.74E-06
2.397	3.44E-06
2.398	1.98E-06
2.399	3.38E-07
2.4	1.35E-06
2.401	2.86E-06
2.402	4.20E-06
2.403	5.37E-06
2.404	6.37E-06
2.405	7.19E-06
2.406	7.84E-06
2.407	8.31E-06
2.408	8.62E-06
2.409	8.75E-06
2.41	8.71E-06
2.411	8.49E-06
2.412	8.11E-06
2.413	7.55E-06
2.414	6.82E-06
2.415	5.92E-06
2.416	4.85E-06
2.417	3.60E-06
2.418	2.19E-06
2.419	6.04E-07
2.42	1.07E-06
2.421	2.59E-06
2.422	3.93E-06
2.423	5.11E-06
2.424	6.11E-06
2.425	6.95E-06
2.426	7.62E-06
2.427	8.11E-06
2.428	8.44E-06
2.429	8.59E-06
2.43	8.58E-06
2.431	8.40E-06
2.432	8.05E-06
2.433	7.53E-06
2.434	6.84E-06
2.435	5.98E-06
2.436	4.95E-06
2.437	3.75E-06
2.438	2.39E-06
2.439	8.57E-07
2.44	7.95E-07
2.441	2.31E-06
2.442	3.67E-06
2.443	4.85E-06
2.444	5.87E-06
2.445	6.72E-06
2.446	7.40E-06
2.447	7.91E-06
2.448	8.26E-06
2.449	8.44E-06
2.45	8.45E-06
2.451	8.30E-06
2.452	7.98E-06
2.453	7.50E-06
2.454	6.84E-06
2.455	6.03E-06
2.456	5.04E-06
2.457	3.89E-06
2.458	2.58E-06
2.459	1.10E-06
2.46	5.26E-07
2.461	2.05E-06
2.462	3.40E-06
2.463	4.59E-06
2.464	5.62E-06
2.465	6.48E-06
2.466	7.18E-06
2.467	7.71E-06
2.468	8.08E-06
2.469	8.28E-06
2.47	8.32E-06
2.471	8.20E-06
2.472	7.91E-06
2.473	7.46E-06
2.474	6.85E-06
2.475	6.07E-06
2.476	5.13E-06
2.477	4.02E-06
2.478	2.76E-06
2.479	1.33E-06
2.48	2.61E-07
2.481	1.78E-06
2.482	3.14E-06
2.483	4.34E-06
2.484	5.38E-06
2.485	6.25E-06
2.486	6.96E-06
2.487	7.51E-06
2.488	7.90E-06
2.489	8.13E-06
2.49	8.19E-06
2.491	8.10E-06
2.492	7.84E-06
2.493	7.42E-06
2.494	6.85E-06
2.495	6.11E-06
2.496	5.21E-06
2.497	4.14E-06
2.498	2.92E-06
2.499	1.54E-06
2.5	0
