x	y
4.376	3.53E-06
4.377	7.00E-06
4.378	1.04E-05
4.379	1.38E-05
4.38	1.71E-05
4.381	2.04E-05
4.382	2.36E-05
4.383	2.68E-05
4.384	2.99E-05
4.385	3.29E-05
4.386	3.59E-05
4.387	3.89E-05
4.388	4.18E-05
4.389	4.46E-05
4.39	4.74E-05
4.391	5.02E-05
4.392	5.29E-05
4.393	5.55E-05
4.394	5.81E-05
4.395	6.06E-05
4.396	6.31E-05
4.397	6.56E-05
4.398	6.80E-05
4.399	7.03E-05
4.4	7.26E-05
4.401	7.48E-05
4.402	7.70E-05
4.403	7.91E-05
4.404	8.12E-05
4.405	8.32E-05
4.406	8.52E-05
4.407	8.71E-05
4.408	8.89E-05
4.409	9.08E-05
4.41	9.25E-05
4.411	9.42E-05
4.412	9.59E-05
4.413	9.75E-05
4.414	9.91E-05
4.415	0.000100581717164
4.416	0.000102038322805
4.417	0.00010344364917
4.418	0.000104797719477
4.419	0.000106100556925
4.42	0.000107352184699
4.421	0.000108552625969
4.422	0.000109701903888
4.423	0.000110800041593
4.424	0.000111847062208
4.425	0.000112842988838
4.426	0.000113787844573
4.427	0.00011468165249
4.428	0.000115524435646
4.429	0.000116316217088
4.43	0.000117057019841
4.431	0.00011774686692
4.432	0.000118385781321
4.433	0.000118973786025
4.434	0.000119510903998
4.435	0.000119997158192
4.436	0.00012043257154
4.437	0.000120817166963
4.438	0.000121150967363
4.439	0.000121433995629
4.44	0.000121666274635
4.441	0.000121847827237
4.442	0.000121978676278
4.443	0.000122058844584
4.444	0.000122088354967
4.445	0.000122067230222
4.446	0.000121995493129
4.447	0.000121873166454
4.448	0.000121700272946
4.449	0.00012147683534
4.45	0.000121202876355
4.451	0.000120878418693
4.452	0.000120503485045
4.453	0.000120078098083
4.454	0.000119602280463
4.455	0.000119076054831
4.456	0.000118499443811
4.457	0.000117872470018
4.458	0.000117195156047
4.459	0.000116467524479
4.46	0.000115689597883
4.461	0.000114861398808
4.462	0.000113982949792
4.463	0.000113054273355
4.464	0.000112075392002
4.465	0.000111046328225
4.466	0.000109967104499
4.467	0.000108837743285
4.468	0.000107658267028
4.469	0.000106428698159
4.47	0.000105149059092
4.471	0.000103819372229
4.472	0.000102439659954
4.473	0.000101009944637
4.474	9.95E-05
4.475	9.80E-05
4.476	9.64E-05
4.477	9.48E-05
4.478	9.31E-05
4.479	9.14E-05
4.48	8.96E-05
4.481	8.78E-05
4.482	8.59E-05
4.483	8.40E-05
4.484	8.20E-05
4.485	8.00E-05
4.486	7.79E-05
4.487	7.58E-05
4.488	7.36E-05
4.489	7.14E-05
4.49	6.91E-05
4.491	6.67E-05
4.492	6.44E-05
4.493	6.19E-05
4.494	5.95E-05
4.495	5.70E-05
4.496	5.44E-05
4.497	5.18E-05
4.498	4.91E-05
4.499	4.64E-05
4.5	4.36E-05
4.501	4.08E-05
4.502	3.79E-05
4.503	3.50E-05
4.504	3.20E-05
4.505	2.90E-05
4.506	2.59E-05
4.507	2.28E-05
4.508	1.96E-05
4.509	1.64E-05
4.51	1.32E-05
4.511	9.85E-06
4.512	6.49E-06
4.513	3.07E-06
4.514	3.71E-07
4.515	3.68E-06
4.516	6.94E-06
4.517	1.02E-05
4.518	1.33E-05
4.519	1.64E-05
4.52	1.95E-05
4.521	2.25E-05
4.522	2.55E-05
4.523	2.84E-05
4.524	3.13E-05
4.525	3.41E-05
4.526	3.69E-05
4.527	3.96E-05
4.528	4.23E-05
4.529	4.49E-05
4.53	4.75E-05
4.531	5.00E-05
4.532	5.25E-05
4.533	5.49E-05
4.534	5.73E-05
4.535	5.96E-05
4.536	6.19E-05
4.537	6.41E-05
4.538	6.63E-05
4.539	6.85E-05
4.54	7.05E-05
4.541	7.26E-05
4.542	7.46E-05
4.543	7.65E-05
4.544	7.84E-05
4.545	8.03E-05
4.546	8.21E-05
4.547	8.38E-05
4.548	8.55E-05
4.549	8.72E-05
4.55	8.88E-05
4.551	9.03E-05
4.552	9.18E-05
4.553	9.33E-05
4.554	9.47E-05
4.555	9.61E-05
4.556	9.74E-05
4.557	9.87E-05
4.558	9.99E-05
4.559	0.000101060401539
4.56	0.000102184180163
4.561	0.000103259867066
4.562	0.000104287483332
4.563	0.000105267050035
4.564	0.000106198588232
4.565	0.000107082118969
4.566	0.000107917663274
4.567	0.000108705242166
4.568	0.000109444876647
4.569	0.000110136587706
4.57	0.000110780396318
4.571	0.000111376323446
4.572	0.000111924390036
4.573	0.000112424617024
4.574	0.000112877025329
4.575	0.000113281635858
4.576	0.000113638469504
4.577	0.000113947547146
4.578	0.000114208889649
4.579	0.000114422517866
4.58	0.000114588452635
4.581	0.00011470671478
4.582	0.000114777325112
4.583	0.000114800304429
4.584	0.000114775673514
4.585	0.000114703453138
4.586	0.000114583664056
4.587	0.000114416327012
4.588	0.000114201462734
4.589	0.00011393909194
4.59	0.000113629235331
4.591	0.000113271913596
4.592	0.00011286714741
4.593	0.000112414957435
4.594	0.000111915364319
4.595	0.000111368388696
4.596	0.000110774051189
4.597	0.000110132372404
4.598	0.000109443372937
4.599	0.000108707073367
4.6	0.000107923494263
4.601	0.000107092656179
4.602	0.000106214579655
4.603	0.000105289285219
4.604	0.000104316793385
4.605	0.000103297124652
4.606	0.000102230299509
4.607	0.000101116338429
4.608	1.00E-04
4.609	9.87E-05
4.61	9.75E-05
4.611	9.62E-05
4.612	9.48E-05
4.613	9.34E-05
4.614	9.20E-05
4.615	9.05E-05
4.616	8.90E-05
4.617	8.74E-05
4.618	8.58E-05
4.619	8.41E-05
4.62	8.24E-05
4.621	8.06E-05
4.622	7.88E-05
4.623	7.69E-05
4.624	7.50E-05
4.625	7.30E-05
4.626	7.10E-05
4.627	6.90E-05
4.628	6.69E-05
4.629	6.47E-05
4.63	6.25E-05
4.631	6.03E-05
4.632	5.80E-05
4.633	5.57E-05
4.634	5.33E-05
4.635	5.09E-05
4.636	4.84E-05
4.637	4.59E-05
4.638	4.33E-05
4.639	4.07E-05
4.64	3.80E-05
4.641	3.53E-05
4.642	3.26E-05
4.643	2.98E-05
4.644	2.69E-05
4.645	2.41E-05
4.646	2.11E-05
4.647	1.81E-05
4.648	1.51E-05
4.649	1.20E-05
4.65	8.91E-06
4.651	5.75E-06
4.652	2.53E-06
4.653	6.98E-07
4.654	3.81E-06
4.655	6.88E-06
4.656	9.90E-06
4.657	1.29E-05
4.658	1.58E-05
4.659	1.87E-05
4.66	2.15E-05
4.661	2.43E-05
4.662	2.70E-05
4.663	2.97E-05
4.664	3.24E-05
4.665	3.50E-05
4.666	3.76E-05
4.667	4.01E-05
4.668	4.25E-05
4.669	4.50E-05
4.67	4.73E-05
4.671	4.97E-05
4.672	5.20E-05
4.673	5.42E-05
4.674	5.64E-05
4.675	5.85E-05
4.676	6.06E-05
4.677	6.27E-05
4.678	6.47E-05
4.679	6.67E-05
4.68	6.86E-05
4.681	7.04E-05
4.682	7.23E-05
4.683	7.41E-05
4.684	7.58E-05
4.685	7.75E-05
4.686	7.91E-05
4.687	8.07E-05
4.688	8.23E-05
4.689	8.38E-05
4.69	8.52E-05
4.691	8.67E-05
4.692	8.80E-05
4.693	8.94E-05
4.694	9.06E-05
4.695	9.19E-05
4.696	9.31E-05
4.697	9.42E-05
4.698	9.53E-05
4.699	9.64E-05
4.7	9.74E-05
4.701	9.83E-05
4.702	9.93E-05
4.703	0.000100129263304
4.704	0.000100956923234
4.705	0.000101739390766
4.706	0.000102476685108
4.707	0.000103168825457
4.708	0.000103815830997
4.709	0.000104417720899
4.71	0.000104974514323
4.711	0.000105486230415
4.712	0.000105952888311
4.713	0.000106374507134
4.714	0.000106751105994
4.715	0.00010708270399
4.716	0.000107369320209
4.717	0.000107610973724
4.718	0.000107807683597
4.719	0.000107959468879
4.72	0.000108066348607
4.721	0.000108128341808
4.722	0.000108145467494
4.723	0.000108117744667
4.724	0.000108045192318
4.725	0.000107927829422
4.726	0.000107765674947
4.727	0.000107558747845
4.728	0.000107307067058
4.729	0.000107010651514
4.73	0.000106669520132
4.731	0.000106283691816
4.732	0.00010585318546
4.733	0.000105378019945
4.734	0.000104858214141
4.735	0.000104293786905
4.736	0.000103684757083
4.737	0.000103031143508
4.738	0.000102332965001
4.739	0.000101590240373
4.74	0.000100802988422
4.741	1.00E-04
4.742	9.91E-05
4.743	9.82E-05
4.744	9.72E-05
4.745	9.62E-05
4.746	9.51E-05
4.747	9.40E-05
4.748	9.29E-05
4.749	9.17E-05
4.75	9.05E-05
4.751	8.92E-05
4.752	8.79E-05
4.753	8.65E-05
4.754	8.51E-05
4.755	8.37E-05
4.756	8.22E-05
4.757	8.06E-05
4.758	7.90E-05
4.759	7.74E-05
4.76	7.57E-05
4.761	7.40E-05
4.762	7.23E-05
4.763	7.04E-05
4.764	6.86E-05
4.765	6.67E-05
4.766	6.48E-05
4.767	6.28E-05
4.768	6.08E-05
4.769	5.87E-05
4.77	5.66E-05
4.771	5.44E-05
4.772	5.22E-05
4.773	5.00E-05
4.774	4.77E-05
4.775	4.53E-05
4.776	4.30E-05
4.777	4.05E-05
4.778	3.81E-05
4.779	3.56E-05
4.78	3.30E-05
4.781	3.04E-05
4.782	2.78E-05
4.783	2.51E-05
4.784	2.24E-05
4.785	1.96E-05
4.786	1.68E-05
4.787	1.39E-05
4.788	1.10E-05
4.789	8.07E-06
4.79	5.08E-06
4.791	2.05E-06
4.792	9.87E-07
4.793	3.92E-06
4.794	6.81E-06
4.795	9.65E-06
4.796	1.24E-05
4.797	1.52E-05
4.798	1.79E-05
4.799	2.06E-05
4.8	2.32E-05
4.801	2.58E-05
4.802	2.83E-05
4.803	3.08E-05
4.804	3.33E-05
4.805	3.57E-05
4.806	3.81E-05
4.807	4.04E-05
4.808	4.27E-05
4.809	4.49E-05
4.81	4.71E-05
4.811	4.93E-05
4.812	5.14E-05
4.813	5.34E-05
4.814	5.54E-05
4.815	5.74E-05
4.816	5.94E-05
4.817	6.12E-05
4.818	6.31E-05
4.819	6.49E-05
4.82	6.67E-05
4.821	6.84E-05
4.822	7.01E-05
4.823	7.17E-05
4.824	7.33E-05
4.825	7.48E-05
4.826	7.63E-05
4.827	7.78E-05
4.828	7.92E-05
4.829	8.06E-05
4.83	8.19E-05
4.831	8.32E-05
4.832	8.45E-05
4.833	8.57E-05
4.834	8.68E-05
4.835	8.79E-05
4.836	8.90E-05
4.837	9.00E-05
4.838	9.10E-05
4.839	9.20E-05
4.84	9.29E-05
4.841	9.38E-05
4.842	9.46E-05
4.843	9.53E-05
4.844	9.61E-05
4.845	9.68E-05
4.846	9.74E-05
4.847	9.80E-05
4.848	9.86E-05
4.849	9.91E-05
4.85	9.96E-05
4.851	0.000100026539675
4.852	0.000100420076802
4.853	0.00010077113648
4.854	0.000101079736213
4.855	0.000101345893494
4.856	0.000101569625806
4.857	0.00010175095062
4.858	0.000101889885396
4.859	0.000101986447584
4.86	0.000102040654623
4.861	0.000102052523942
4.862	0.000102022072958
4.863	0.000101949319077
4.864	0.000101834279697
4.865	0.000101676972203
4.866	0.000101477413968
4.867	0.000101235622357
4.868	0.000100951614723
4.869	0.000100625408409
4.87	0.000100257020747
4.871	9.98E-05
4.872	9.94E-05
4.873	9.89E-05
4.874	9.84E-05
4.875	9.78E-05
4.876	9.72E-05
4.877	9.65E-05
4.878	9.58E-05
4.879	9.50E-05
4.88	9.43E-05
4.881	9.34E-05
4.882	9.26E-05
4.883	9.16E-05
4.884	9.07E-05
4.885	8.97E-05
4.886	8.86E-05
4.887	8.76E-05
4.888	8.64E-05
4.889	8.53E-05
4.89	8.41E-05
4.891	8.28E-05
4.892	8.15E-05
4.893	8.02E-05
4.894	7.88E-05
4.895	7.74E-05
4.896	7.59E-05
4.897	7.44E-05
4.898	7.29E-05
4.899	7.13E-05
4.9	6.97E-05
4.901	6.80E-05
4.902	6.63E-05
4.903	6.45E-05
4.904	6.28E-05
4.905	6.09E-05
4.906	5.90E-05
4.907	5.71E-05
4.908	5.52E-05
4.909	5.32E-05
4.91	5.11E-05
4.911	4.90E-05
4.912	4.69E-05
4.913	4.48E-05
4.914	4.25E-05
4.915	4.03E-05
4.916	3.80E-05
4.917	3.57E-05
4.918	3.33E-05
4.919	3.09E-05
4.92	2.84E-05
4.921	2.59E-05
4.922	2.34E-05
4.923	2.08E-05
4.924	1.82E-05
4.925	1.55E-05
4.926	1.28E-05
4.927	1.01E-05
4.928	7.31E-06
4.929	4.48E-06
4.93	1.61E-06
4.931	1.24E-06
4.932	4.01E-06
4.933	6.73E-06
4.934	9.41E-06
4.935	1.21E-05
4.936	1.47E-05
4.937	1.72E-05
4.938	1.97E-05
4.939	2.22E-05
4.94	2.47E-05
4.941	2.70E-05
4.942	2.94E-05
4.943	3.17E-05
4.944	3.40E-05
4.945	3.62E-05
4.946	3.84E-05
4.947	4.06E-05
4.948	4.27E-05
4.949	4.47E-05
4.95	4.68E-05
4.951	4.88E-05
4.952	5.07E-05
4.953	5.26E-05
4.954	5.45E-05
4.955	5.63E-05
4.956	5.81E-05
4.957	5.98E-05
4.958	6.15E-05
4.959	6.32E-05
4.96	6.48E-05
4.961	6.64E-05
4.962	6.79E-05
4.963	6.94E-05
4.964	7.09E-05
4.965	7.23E-05
4.966	7.37E-05
4.967	7.50E-05
4.968	7.63E-05
4.969	7.76E-05
4.97	7.88E-05
4.971	7.99E-05
4.972	8.11E-05
4.973	8.22E-05
4.974	8.32E-05
4.975	8.42E-05
4.976	8.52E-05
4.977	8.61E-05
4.978	8.70E-05
4.979	8.79E-05
4.98	8.87E-05
4.981	8.95E-05
4.982	9.02E-05
4.983	9.09E-05
4.984	9.15E-05
4.985	9.21E-05
4.986	9.27E-05
4.987	9.32E-05
4.988	9.37E-05
4.989	9.42E-05
4.99	9.46E-05
4.991	9.50E-05
4.992	9.53E-05
4.993	9.56E-05
4.994	9.58E-05
4.995	9.60E-05
4.996	9.62E-05
4.997	9.63E-05
4.998	9.64E-05
4.999	9.65E-05
5	9.65E-05
5.001	9.64E-05
5.002	9.64E-05
5.003	9.62E-05
5.004	9.61E-05
5.005	9.59E-05
5.006	9.57E-05
5.007	9.54E-05
5.008	9.51E-05
5.009	9.47E-05
5.01	9.43E-05
5.011	9.39E-05
5.012	9.34E-05
5.013	9.29E-05
5.014	9.24E-05
5.015	9.18E-05
5.016	9.11E-05
5.017	9.05E-05
5.018	8.98E-05
5.019	8.90E-05
5.02	8.82E-05
5.021	8.74E-05
5.022	8.65E-05
5.023	8.56E-05
5.024	8.47E-05
5.025	8.37E-05
5.026	8.27E-05
5.027	8.16E-05
5.028	8.05E-05
5.029	7.93E-05
5.03	7.81E-05
5.031	7.69E-05
5.032	7.57E-05
5.033	7.44E-05
5.034	7.30E-05
5.035	7.16E-05
5.036	7.02E-05
5.037	6.87E-05
5.038	6.72E-05
5.039	6.57E-05
5.04	6.41E-05
5.041	6.25E-05
5.042	6.08E-05
5.043	5.91E-05
5.044	5.74E-05
5.045	5.56E-05
5.046	5.38E-05
5.047	5.20E-05
5.048	5.01E-05
5.049	4.81E-05
5.05	4.61E-05
5.051	4.41E-05
5.052	4.21E-05
5.053	4.00E-05
5.054	3.79E-05
5.055	3.57E-05
5.056	3.35E-05
5.057	3.12E-05
5.058	2.89E-05
5.059	2.66E-05
5.06	2.43E-05
5.061	2.19E-05
5.062	1.94E-05
5.063	1.69E-05
5.064	1.44E-05
5.065	1.18E-05
5.066	9.25E-06
5.067	6.61E-06
5.068	3.94E-06
5.069	1.22E-06
5.07	1.47E-06
5.071	4.08E-06
5.072	6.65E-06
5.073	9.19E-06
5.074	1.17E-05
5.075	1.41E-05
5.076	1.66E-05
5.077	1.89E-05
5.078	2.13E-05
5.079	2.36E-05
5.08	2.58E-05
5.081	2.81E-05
5.082	3.03E-05
5.083	3.24E-05
5.084	3.45E-05
5.085	3.66E-05
5.086	3.86E-05
5.087	4.06E-05
5.088	4.26E-05
5.089	4.45E-05
5.09	4.64E-05
5.091	4.82E-05
5.092	5.00E-05
5.093	5.18E-05
5.094	5.35E-05
5.095	5.52E-05
5.096	5.68E-05
5.097	5.84E-05
5.098	6.00E-05
5.099	6.15E-05
5.1	6.30E-05
5.101	6.45E-05
5.102	6.59E-05
5.103	6.72E-05
5.104	6.86E-05
5.105	6.99E-05
5.106	7.11E-05
5.107	7.24E-05
5.108	7.35E-05
5.109	7.47E-05
5.11	7.58E-05
5.111	7.69E-05
5.112	7.79E-05
5.113	7.89E-05
5.114	7.98E-05
5.115	8.08E-05
5.116	8.16E-05
5.117	8.25E-05
5.118	8.33E-05
5.119	8.40E-05
5.12	8.48E-05
5.121	8.55E-05
5.122	8.61E-05
5.123	8.67E-05
5.124	8.73E-05
5.125	8.78E-05
5.126	8.83E-05
5.127	8.88E-05
5.128	8.92E-05
5.129	8.96E-05
5.13	8.99E-05
5.131	9.02E-05
5.132	9.05E-05
5.133	9.07E-05
5.134	9.09E-05
5.135	9.11E-05
5.136	9.12E-05
5.137	9.13E-05
5.138	9.13E-05
5.139	9.13E-05
5.14	9.13E-05
5.141	9.12E-05
5.142	9.11E-05
5.143	9.09E-05
5.144	9.08E-05
5.145	9.05E-05
5.146	9.03E-05
5.147	9.00E-05
5.148	8.96E-05
5.149	8.93E-05
5.15	8.89E-05
5.151	8.84E-05
5.152	8.79E-05
5.153	8.74E-05
5.154	8.68E-05
5.155	8.62E-05
5.156	8.56E-05
5.157	8.49E-05
5.158	8.42E-05
5.159	8.34E-05
5.16	8.27E-05
5.161	8.18E-05
5.162	8.10E-05
5.163	8.01E-05
5.164	7.91E-05
5.165	7.81E-05
5.166	7.71E-05
5.167	7.61E-05
5.168	7.50E-05
5.169	7.39E-05
5.17	7.27E-05
5.171	7.15E-05
5.172	7.03E-05
5.173	6.90E-05
5.174	6.77E-05
5.175	6.63E-05
5.176	6.49E-05
5.177	6.35E-05
5.178	6.20E-05
5.179	6.05E-05
5.18	5.90E-05
5.181	5.74E-05
5.182	5.58E-05
5.183	5.42E-05
5.184	5.25E-05
5.185	5.08E-05
5.186	4.90E-05
5.187	4.72E-05
5.188	4.54E-05
5.189	4.35E-05
5.19	4.16E-05
5.191	3.96E-05
5.192	3.76E-05
5.193	3.56E-05
5.194	3.36E-05
5.195	3.15E-05
5.196	2.93E-05
5.197	2.72E-05
5.198	2.50E-05
5.199	2.27E-05
5.2	2.04E-05
5.201	1.81E-05
5.202	1.58E-05
5.203	1.34E-05
5.204	1.09E-05
5.205	8.48E-06
5.206	5.98E-06
5.207	3.44E-06
5.208	8.67E-07
5.209	1.67E-06
5.21	4.14E-06
5.211	6.58E-06
5.212	8.98E-06
5.213	1.13E-05
5.214	1.37E-05
5.215	1.60E-05
5.216	1.82E-05
5.217	2.04E-05
5.218	2.26E-05
5.219	2.47E-05
5.22	2.68E-05
5.221	2.89E-05
5.222	3.09E-05
5.223	3.29E-05
5.224	3.49E-05
5.225	3.68E-05
5.226	3.87E-05
5.227	4.05E-05
5.228	4.24E-05
5.229	4.41E-05
5.23	4.59E-05
5.231	4.76E-05
5.232	4.92E-05
5.233	5.09E-05
5.234	5.25E-05
5.235	5.40E-05
5.236	5.55E-05
5.237	5.70E-05
5.238	5.85E-05
5.239	5.99E-05
5.24	6.12E-05
5.241	6.26E-05
5.242	6.39E-05
5.243	6.51E-05
5.244	6.64E-05
5.245	6.76E-05
5.246	6.87E-05
5.247	6.98E-05
5.248	7.09E-05
5.249	7.20E-05
5.25	7.30E-05
5.251	7.40E-05
5.252	7.49E-05
5.253	7.58E-05
5.254	7.67E-05
5.255	7.75E-05
5.256	7.83E-05
5.257	7.90E-05
5.258	7.97E-05
5.259	8.04E-05
5.26	8.11E-05
5.261	8.17E-05
5.262	8.23E-05
5.263	8.28E-05
5.264	8.33E-05
5.265	8.38E-05
5.266	8.42E-05
5.267	8.46E-05
5.268	8.50E-05
5.269	8.53E-05
5.27	8.56E-05
5.271	8.58E-05
5.272	8.60E-05
5.273	8.62E-05
5.274	8.64E-05
5.275	8.65E-05
5.276	8.65E-05
5.277	8.66E-05
5.278	8.66E-05
5.279	8.65E-05
5.28	8.65E-05
5.281	8.64E-05
5.282	8.62E-05
5.283	8.60E-05
5.284	8.58E-05
5.285	8.56E-05
5.286	8.53E-05
5.287	8.49E-05
5.288	8.46E-05
5.289	8.42E-05
5.29	8.38E-05
5.291	8.33E-05
5.292	8.28E-05
5.293	8.23E-05
5.294	8.17E-05
5.295	8.11E-05
5.296	8.04E-05
5.297	7.97E-05
5.298	7.90E-05
5.299	7.83E-05
5.3	7.75E-05
5.301	7.67E-05
5.302	7.58E-05
5.303	7.49E-05
5.304	7.40E-05
5.305	7.30E-05
5.306	7.20E-05
5.307	7.10E-05
5.308	6.99E-05
5.309	6.88E-05
5.31	6.77E-05
5.311	6.65E-05
5.312	6.53E-05
5.313	6.40E-05
5.314	6.27E-05
5.315	6.14E-05
5.316	6.01E-05
5.317	5.87E-05
5.318	5.72E-05
5.319	5.58E-05
5.32	5.43E-05
5.321	5.27E-05
5.322	5.12E-05
5.323	4.96E-05
5.324	4.79E-05
5.325	4.63E-05
5.326	4.46E-05
5.327	4.28E-05
5.328	4.10E-05
5.329	3.92E-05
5.33	3.74E-05
5.331	3.55E-05
5.332	3.36E-05
5.333	3.16E-05
5.334	2.96E-05
5.335	2.76E-05
5.336	2.55E-05
5.337	2.34E-05
5.338	2.13E-05
5.339	1.91E-05
5.34	1.69E-05
5.341	1.47E-05
5.342	1.24E-05
5.343	1.01E-05
5.344	7.78E-06
5.345	5.41E-06
5.346	2.99E-06
5.347	5.48E-07
5.348	1.85E-06
5.349	4.19E-06
5.35	6.50E-06
5.351	8.77E-06
5.352	1.10E-05
5.353	1.32E-05
5.354	1.54E-05
5.355	1.75E-05
5.356	1.96E-05
5.357	2.17E-05
5.358	2.37E-05
5.359	2.57E-05
5.36	2.77E-05
5.361	2.96E-05
5.362	3.15E-05
5.363	3.33E-05
5.364	3.51E-05
5.365	3.69E-05
5.366	3.87E-05
5.367	4.04E-05
5.368	4.21E-05
5.369	4.37E-05
5.37	4.53E-05
5.371	4.69E-05
5.372	4.85E-05
5.373	5.00E-05
5.374	5.14E-05
5.375	5.29E-05
5.376	5.43E-05
5.377	5.56E-05
5.378	5.70E-05
5.379	5.83E-05
5.38	5.95E-05
5.381	6.08E-05
5.382	6.20E-05
5.383	6.31E-05
5.384	6.43E-05
5.385	6.54E-05
5.386	6.64E-05
5.387	6.74E-05
5.388	6.84E-05
5.389	6.94E-05
5.39	7.03E-05
5.391	7.12E-05
5.392	7.20E-05
5.393	7.29E-05
5.394	7.36E-05
5.395	7.44E-05
5.396	7.51E-05
5.397	7.58E-05
5.398	7.64E-05
5.399	7.70E-05
5.4	7.76E-05
5.401	7.82E-05
5.402	7.87E-05
5.403	7.91E-05
5.404	7.96E-05
5.405	8.00E-05
5.406	8.04E-05
5.407	8.07E-05
5.408	8.10E-05
5.409	8.13E-05
5.41	8.15E-05
5.411	8.17E-05
5.412	8.19E-05
5.413	8.20E-05
5.414	8.21E-05
5.415	8.22E-05
5.416	8.22E-05
5.417	8.22E-05
5.418	8.21E-05
5.419	8.21E-05
5.42	8.20E-05
5.421	8.18E-05
5.422	8.17E-05
5.423	8.14E-05
5.424	8.12E-05
5.425	8.09E-05
5.426	8.06E-05
5.427	8.03E-05
5.428	7.99E-05
5.429	7.95E-05
5.43	7.90E-05
5.431	7.85E-05
5.432	7.80E-05
5.433	7.75E-05
5.434	7.69E-05
5.435	7.63E-05
5.436	7.56E-05
5.437	7.50E-05
5.438	7.42E-05
5.439	7.35E-05
5.44	7.27E-05
5.441	7.19E-05
5.442	7.10E-05
5.443	7.01E-05
5.444	6.92E-05
5.445	6.83E-05
5.446	6.73E-05
5.447	6.63E-05
5.448	6.52E-05
5.449	6.41E-05
5.45	6.30E-05
5.451	6.18E-05
5.452	6.06E-05
5.453	5.94E-05
5.454	5.82E-05
5.455	5.69E-05
5.456	5.56E-05
5.457	5.42E-05
5.458	5.28E-05
5.459	5.14E-05
5.46	4.99E-05
5.461	4.84E-05
5.462	4.69E-05
5.463	4.53E-05
5.464	4.38E-05
5.465	4.21E-05
5.466	4.05E-05
5.467	3.88E-05
5.468	3.70E-05
5.469	3.53E-05
5.47	3.35E-05
5.471	3.17E-05
5.472	2.98E-05
5.473	2.79E-05
5.474	2.60E-05
5.475	2.40E-05
5.476	2.20E-05
5.477	2.00E-05
5.478	1.79E-05
5.479	1.58E-05
5.48	1.37E-05
5.481	1.16E-05
5.482	9.37E-06
5.483	7.14E-06
5.484	4.88E-06
5.485	2.59E-06
5.486	2.61E-07
5.487	2.00E-06
5.488	4.23E-06
5.489	6.42E-06
5.49	8.57E-06
5.491	1.07E-05
5.492	1.28E-05
5.493	1.48E-05
5.494	1.69E-05
5.495	1.89E-05
5.496	2.08E-05
5.497	2.27E-05
5.498	2.46E-05
5.499	2.65E-05
5.5	2.83E-05
5.501	3.01E-05
5.502	3.19E-05
5.503	3.36E-05
5.504	3.53E-05
5.505	3.69E-05
5.506	3.86E-05
5.507	4.02E-05
5.508	4.17E-05
5.509	4.33E-05
5.51	4.48E-05
5.511	4.62E-05
5.512	4.76E-05
5.513	4.90E-05
5.514	5.04E-05
5.515	5.17E-05
5.516	5.30E-05
5.517	5.43E-05
5.518	5.55E-05
5.519	5.67E-05
5.52	5.79E-05
5.521	5.90E-05
5.522	6.01E-05
5.523	6.12E-05
5.524	6.22E-05
5.525	6.32E-05
5.526	6.42E-05
5.527	6.51E-05
5.528	6.60E-05
5.529	6.69E-05
5.53	6.78E-05
5.531	6.86E-05
5.532	6.93E-05
5.533	7.01E-05
5.534	7.08E-05
5.535	7.15E-05
5.536	7.21E-05
5.537	7.27E-05
5.538	7.33E-05
5.539	7.38E-05
5.54	7.43E-05
5.541	7.48E-05
5.542	7.53E-05
5.543	7.57E-05
5.544	7.61E-05
5.545	7.64E-05
5.546	7.67E-05
5.547	7.70E-05
5.548	7.73E-05
5.549	7.75E-05
5.55	7.77E-05
5.551	7.78E-05
5.552	7.80E-05
5.553	7.80E-05
5.554	7.81E-05
5.555	7.81E-05
5.556	7.81E-05
5.557	7.81E-05
5.558	7.80E-05
5.559	7.79E-05
5.56	7.78E-05
5.561	7.76E-05
5.562	7.74E-05
5.563	7.72E-05
5.564	7.69E-05
5.565	7.66E-05
5.566	7.63E-05
5.567	7.59E-05
5.568	7.55E-05
5.569	7.51E-05
5.57	7.46E-05
5.571	7.41E-05
5.572	7.36E-05
5.573	7.30E-05
5.574	7.25E-05
5.575	7.18E-05
5.576	7.12E-05
5.577	7.05E-05
5.578	6.98E-05
5.579	6.90E-05
5.58	6.83E-05
5.581	6.74E-05
5.582	6.66E-05
5.583	6.57E-05
5.584	6.48E-05
5.585	6.39E-05
5.586	6.29E-05
5.587	6.19E-05
5.588	6.08E-05
5.589	5.98E-05
5.59	5.87E-05
5.591	5.75E-05
5.592	5.64E-05
5.593	5.52E-05
5.594	5.39E-05
5.595	5.27E-05
5.596	5.14E-05
5.597	5.01E-05
5.598	4.87E-05
5.599	4.73E-05
5.6	4.59E-05
5.601	4.44E-05
5.602	4.29E-05
5.603	4.14E-05
5.604	3.99E-05
5.605	3.83E-05
5.606	3.67E-05
5.607	3.50E-05
5.608	3.34E-05
5.609	3.17E-05
5.61	2.99E-05
5.611	2.81E-05
5.612	2.63E-05
5.613	2.45E-05
5.614	2.26E-05
5.615	2.07E-05
5.616	1.88E-05
5.617	1.68E-05
5.618	1.48E-05
5.619	1.28E-05
5.62	1.08E-05
5.621	8.67E-06
5.622	6.55E-06
5.623	4.40E-06
5.624	2.22E-06
5.625	6.66E-16
5.626	2.14E-06
5.627	4.26E-06
5.628	6.34E-06
5.629	8.38E-06
5.63	1.04E-05
5.631	1.24E-05
5.632	1.43E-05
5.633	1.63E-05
5.634	1.82E-05
5.635	2.00E-05
5.636	2.18E-05
5.637	2.36E-05
5.638	2.54E-05
5.639	2.71E-05
5.64	2.88E-05
5.641	3.05E-05
5.642	3.22E-05
5.643	3.38E-05
5.644	3.53E-05
5.645	3.69E-05
5.646	3.84E-05
5.647	3.99E-05
5.648	4.13E-05
5.649	4.27E-05
5.65	4.41E-05
5.651	4.55E-05
5.652	4.68E-05
5.653	4.81E-05
5.654	4.94E-05
5.655	5.06E-05
5.656	5.18E-05
5.657	5.30E-05
5.658	5.41E-05
5.659	5.52E-05
5.66	5.63E-05
5.661	5.73E-05
5.662	5.84E-05
5.663	5.93E-05
5.664	6.03E-05
5.665	6.12E-05
5.666	6.21E-05
5.667	6.30E-05
5.668	6.38E-05
5.669	6.46E-05
5.67	6.53E-05
5.671	6.61E-05
5.672	6.68E-05
5.673	6.74E-05
5.674	6.81E-05
5.675	6.87E-05
5.676	6.93E-05
5.677	6.98E-05
5.678	7.03E-05
5.679	7.08E-05
5.68	7.13E-05
5.681	7.17E-05
5.682	7.21E-05
5.683	7.24E-05
5.684	7.28E-05
5.685	7.31E-05
5.686	7.33E-05
5.687	7.36E-05
5.688	7.38E-05
5.689	7.40E-05
5.69	7.41E-05
5.691	7.42E-05
5.692	7.43E-05
5.693	7.43E-05
5.694	7.44E-05
5.695	7.44E-05
5.696	7.43E-05
5.697	7.42E-05
5.698	7.41E-05
5.699	7.40E-05
5.7	7.38E-05
5.701	7.36E-05
5.702	7.34E-05
5.703	7.32E-05
5.704	7.29E-05
5.705	7.26E-05
5.706	7.22E-05
5.707	7.18E-05
5.708	7.14E-05
5.709	7.10E-05
5.71	7.05E-05
5.711	7.00E-05
5.712	6.95E-05
5.713	6.89E-05
5.714	6.83E-05
5.715	6.77E-05
5.716	6.70E-05
5.717	6.63E-05
5.718	6.56E-05
5.719	6.49E-05
5.72	6.41E-05
5.721	6.33E-05
5.722	6.25E-05
5.723	6.16E-05
5.724	6.07E-05
5.725	5.98E-05
5.726	5.88E-05
5.727	5.78E-05
5.728	5.68E-05
5.729	5.57E-05
5.73	5.46E-05
5.731	5.35E-05
5.732	5.24E-05
5.733	5.12E-05
5.734	5.00E-05
5.735	4.88E-05
5.736	4.75E-05
5.737	4.62E-05
5.738	4.49E-05
5.739	4.35E-05
5.74	4.21E-05
5.741	4.07E-05
5.742	3.93E-05
5.743	3.78E-05
5.744	3.63E-05
5.745	3.47E-05
5.746	3.32E-05
5.747	3.16E-05
5.748	2.99E-05
5.749	2.83E-05
5.75	2.66E-05
5.751	2.49E-05
5.752	2.31E-05
5.753	2.13E-05
5.754	1.95E-05
5.755	1.77E-05
5.756	1.58E-05
5.757	1.39E-05
5.758	1.20E-05
5.759	1.00E-05
5.76	8.03E-06
5.761	6.01E-06
5.762	3.96E-06
5.763	1.88E-06
5.764	2.28E-07
5.765	2.27E-06
5.766	4.28E-06
5.767	6.25E-06
5.768	8.20E-06
5.769	1.01E-05
5.77	1.20E-05
5.771	1.39E-05
5.772	1.57E-05
5.773	1.75E-05
5.774	1.93E-05
5.775	2.10E-05
5.776	2.27E-05
5.777	2.44E-05
5.778	2.60E-05
5.779	2.77E-05
5.78	2.92E-05
5.781	3.08E-05
5.782	3.23E-05
5.783	3.38E-05
5.784	3.53E-05
5.785	3.67E-05
5.786	3.82E-05
5.787	3.95E-05
5.788	4.09E-05
5.789	4.22E-05
5.79	4.35E-05
5.791	4.47E-05
5.792	4.60E-05
5.793	4.72E-05
5.794	4.83E-05
5.795	4.95E-05
5.796	5.06E-05
5.797	5.17E-05
5.798	5.27E-05
5.799	5.38E-05
5.8	5.47E-05
5.801	5.57E-05
5.802	5.66E-05
5.803	5.75E-05
5.804	5.84E-05
5.805	5.93E-05
5.806	6.01E-05
5.807	6.09E-05
5.808	6.16E-05
5.809	6.23E-05
5.81	6.30E-05
5.811	6.37E-05
5.812	6.43E-05
5.813	6.49E-05
5.814	6.55E-05
5.815	6.61E-05
5.816	6.66E-05
5.817	6.71E-05
5.818	6.75E-05
5.819	6.80E-05
5.82	6.84E-05
5.821	6.87E-05
5.822	6.91E-05
5.823	6.94E-05
5.824	6.97E-05
5.825	6.99E-05
5.826	7.01E-05
5.827	7.03E-05
5.828	7.05E-05
5.829	7.06E-05
5.83	7.07E-05
5.831	7.08E-05
5.832	7.09E-05
5.833	7.09E-05
5.834	7.09E-05
5.835	7.08E-05
5.836	7.07E-05
5.837	7.06E-05
5.838	7.05E-05
5.839	7.03E-05
5.84	7.02E-05
5.841	6.99E-05
5.842	6.97E-05
5.843	6.94E-05
5.844	6.91E-05
5.845	6.88E-05
5.846	6.84E-05
5.847	6.80E-05
5.848	6.76E-05
5.849	6.71E-05
5.85	6.67E-05
5.851	6.61E-05
5.852	6.56E-05
5.853	6.50E-05
5.854	6.44E-05
5.855	6.38E-05
5.856	6.32E-05
5.857	6.25E-05
5.858	6.18E-05
5.859	6.10E-05
5.86	6.02E-05
5.861	5.94E-05
5.862	5.86E-05
5.863	5.77E-05
5.864	5.68E-05
5.865	5.59E-05
5.866	5.50E-05
5.867	5.40E-05
5.868	5.30E-05
5.869	5.20E-05
5.87	5.09E-05
5.871	4.98E-05
5.872	4.87E-05
5.873	4.75E-05
5.874	4.63E-05
5.875	4.51E-05
5.876	4.39E-05
5.877	4.26E-05
5.878	4.13E-05
5.879	4.00E-05
5.88	3.87E-05
5.881	3.73E-05
5.882	3.59E-05
5.883	3.44E-05
5.884	3.30E-05
5.885	3.15E-05
5.886	2.99E-05
5.887	2.84E-05
5.888	2.68E-05
5.889	2.52E-05
5.89	2.35E-05
5.891	2.19E-05
5.892	2.02E-05
5.893	1.84E-05
5.894	1.67E-05
5.895	1.49E-05
5.896	1.31E-05
5.897	1.12E-05
5.898	9.35E-06
5.899	7.44E-06
5.9	5.51E-06
5.901	3.55E-06
5.902	1.57E-06
5.903	4.35E-07
5.904	2.38E-06
5.905	4.29E-06
5.906	6.17E-06
5.907	8.03E-06
5.908	9.86E-06
5.909	1.17E-05
5.91	1.34E-05
5.911	1.52E-05
5.912	1.69E-05
5.913	1.86E-05
5.914	2.02E-05
5.915	2.18E-05
5.916	2.34E-05
5.917	2.50E-05
5.918	2.66E-05
5.919	2.81E-05
5.92	2.95E-05
5.921	3.10E-05
5.922	3.24E-05
5.923	3.38E-05
5.924	3.52E-05
5.925	3.65E-05
5.926	3.79E-05
5.927	3.91E-05
5.928	4.04E-05
5.929	4.16E-05
5.93	4.28E-05
5.931	4.40E-05
5.932	4.51E-05
5.933	4.62E-05
5.934	4.73E-05
5.935	4.84E-05
5.936	4.94E-05
5.937	5.04E-05
5.938	5.14E-05
5.939	5.23E-05
5.94	5.32E-05
5.941	5.41E-05
5.942	5.50E-05
5.943	5.58E-05
5.944	5.66E-05
5.945	5.74E-05
5.946	5.81E-05
5.947	5.89E-05
5.948	5.95E-05
5.949	6.02E-05
5.95	6.08E-05
5.951	6.14E-05
5.952	6.20E-05
5.953	6.26E-05
5.954	6.31E-05
5.955	6.36E-05
5.956	6.40E-05
5.957	6.45E-05
5.958	6.49E-05
5.959	6.53E-05
5.96	6.56E-05
5.961	6.59E-05
5.962	6.62E-05
5.963	6.65E-05
5.964	6.67E-05
5.965	6.69E-05
5.966	6.71E-05
5.967	6.73E-05
5.968	6.74E-05
5.969	6.75E-05
5.97	6.76E-05
5.971	6.76E-05
5.972	6.76E-05
5.973	6.76E-05
5.974	6.76E-05
5.975	6.75E-05
5.976	6.74E-05
5.977	6.73E-05
5.978	6.71E-05
5.979	6.69E-05
5.98	6.67E-05
5.981	6.65E-05
5.982	6.62E-05
5.983	6.59E-05
5.984	6.56E-05
5.985	6.52E-05
5.986	6.48E-05
5.987	6.44E-05
5.988	6.40E-05
5.989	6.35E-05
5.99	6.31E-05
5.991	6.25E-05
5.992	6.20E-05
5.993	6.14E-05
5.994	6.08E-05
5.995	6.02E-05
5.996	5.95E-05
5.997	5.88E-05
5.998	5.81E-05
5.999	5.74E-05
6	5.66E-05
6.001	5.58E-05
6.002	5.50E-05
6.003	5.41E-05
6.004	5.33E-05
6.005	5.24E-05
6.006	5.14E-05
6.007	5.05E-05
6.008	4.95E-05
6.009	4.84E-05
6.01	4.74E-05
6.011	4.63E-05
6.012	4.52E-05
6.013	4.41E-05
6.014	4.29E-05
6.015	4.18E-05
6.016	4.05E-05
6.017	3.93E-05
6.018	3.80E-05
6.019	3.67E-05
6.02	3.54E-05
6.021	3.41E-05
6.022	3.27E-05
6.023	3.13E-05
6.024	2.99E-05
6.025	2.84E-05
6.026	2.69E-05
6.027	2.54E-05
6.028	2.38E-05
6.029	2.23E-05
6.03	2.07E-05
6.031	1.90E-05
6.032	1.74E-05
6.033	1.57E-05
6.034	1.40E-05
6.035	1.23E-05
6.036	1.05E-05
6.037	8.72E-06
6.038	6.90E-06
6.039	5.06E-06
6.04	3.18E-06
6.041	1.28E-06
6.042	6.23E-07
6.043	2.47E-06
6.044	4.30E-06
6.045	6.09E-06
6.046	7.86E-06
6.047	9.60E-06
6.048	1.13E-05
6.049	1.30E-05
6.05	1.47E-05
6.051	1.63E-05
6.052	1.79E-05
6.053	1.95E-05
6.054	2.10E-05
6.055	2.26E-05
6.056	2.40E-05
6.057	2.55E-05
6.058	2.70E-05
6.059	2.84E-05
6.06	2.98E-05
6.061	3.11E-05
6.062	3.25E-05
6.063	3.38E-05
6.064	3.50E-05
6.065	3.63E-05
6.066	3.75E-05
6.067	3.87E-05
6.068	3.99E-05
6.069	4.10E-05
6.07	4.21E-05
6.071	4.32E-05
6.072	4.43E-05
6.073	4.53E-05
6.074	4.63E-05
6.075	4.73E-05
6.076	4.82E-05
6.077	4.92E-05
6.078	5.01E-05
6.079	5.09E-05
6.08	5.18E-05
6.081	5.26E-05
6.082	5.34E-05
6.083	5.42E-05
6.084	5.49E-05
6.085	5.56E-05
6.086	5.63E-05
6.087	5.69E-05
6.088	5.76E-05
6.089	5.82E-05
6.09	5.87E-05
6.091	5.93E-05
6.092	5.98E-05
6.093	6.03E-05
6.094	6.08E-05
6.095	6.12E-05
6.096	6.16E-05
6.097	6.20E-05
6.098	6.24E-05
6.099	6.27E-05
6.1	6.30E-05
6.101	6.33E-05
6.102	6.35E-05
6.103	6.37E-05
6.104	6.39E-05
6.105	6.41E-05
6.106	6.43E-05
6.107	6.44E-05
6.108	6.45E-05
6.109	6.45E-05
6.11	6.46E-05
6.111	6.46E-05
6.112	6.46E-05
6.113	6.45E-05
6.114	6.44E-05
6.115	6.43E-05
6.116	6.42E-05
6.117	6.41E-05
6.118	6.39E-05
6.119	6.37E-05
6.12	6.35E-05
6.121	6.32E-05
6.122	6.29E-05
6.123	6.26E-05
6.124	6.23E-05
6.125	6.19E-05
6.126	6.15E-05
6.127	6.11E-05
6.128	6.06E-05
6.129	6.02E-05
6.13	5.97E-05
6.131	5.91E-05
6.132	5.86E-05
6.133	5.80E-05
6.134	5.74E-05
6.135	5.68E-05
6.136	5.61E-05
6.137	5.54E-05
6.138	5.47E-05
6.139	5.40E-05
6.14	5.32E-05
6.141	5.24E-05
6.142	5.16E-05
6.143	5.08E-05
6.144	4.99E-05
6.145	4.90E-05
6.146	4.81E-05
6.147	4.71E-05
6.148	4.62E-05
6.149	4.52E-05
6.15	4.41E-05
6.151	4.31E-05
6.152	4.20E-05
6.153	4.09E-05
6.154	3.98E-05
6.155	3.86E-05
6.156	3.74E-05
6.157	3.62E-05
6.158	3.50E-05
6.159	3.37E-05
6.16	3.24E-05
6.161	3.11E-05
6.162	2.97E-05
6.163	2.84E-05
6.164	2.70E-05
6.165	2.55E-05
6.166	2.41E-05
6.167	2.26E-05
6.168	2.11E-05
6.169	1.96E-05
6.17	1.80E-05
6.171	1.64E-05
6.172	1.48E-05
6.173	1.32E-05
6.174	1.15E-05
6.175	9.85E-06
6.176	8.14E-06
6.177	6.40E-06
6.178	4.63E-06
6.179	2.84E-06
6.18	1.02E-06
6.181	7.93E-07
6.182	2.56E-06
6.183	4.30E-06
6.184	6.01E-06
6.185	7.70E-06
6.186	9.36E-06
6.187	1.10E-05
6.188	1.26E-05
6.189	1.42E-05
6.19	1.58E-05
6.191	1.73E-05
6.192	1.88E-05
6.193	2.03E-05
6.194	2.17E-05
6.195	2.31E-05
6.196	2.45E-05
6.197	2.59E-05
6.198	2.73E-05
6.199	2.86E-05
6.2	2.99E-05
6.201	3.12E-05
6.202	3.24E-05
6.203	3.36E-05
6.204	3.48E-05
6.205	3.60E-05
6.206	3.71E-05
6.207	3.82E-05
6.208	3.93E-05
6.209	4.04E-05
6.21	4.14E-05
6.211	4.24E-05
6.212	4.34E-05
6.213	4.44E-05
6.214	4.53E-05
6.215	4.62E-05
6.216	4.71E-05
6.217	4.80E-05
6.218	4.88E-05
6.219	4.96E-05
6.22	5.04E-05
6.221	5.11E-05
6.222	5.19E-05
6.223	5.26E-05
6.224	5.32E-05
6.225	5.39E-05
6.226	5.45E-05
6.227	5.51E-05
6.228	5.57E-05
6.229	5.62E-05
6.23	5.67E-05
6.231	5.72E-05
6.232	5.77E-05
6.233	5.81E-05
6.234	5.86E-05
6.235	5.89E-05
6.236	5.93E-05
6.237	5.97E-05
6.238	6.00E-05
6.239	6.03E-05
6.24	6.05E-05
6.241	6.08E-05
6.242	6.10E-05
6.243	6.12E-05
6.244	6.13E-05
6.245	6.14E-05
6.246	6.16E-05
6.247	6.16E-05
6.248	6.17E-05
6.249	6.17E-05
6.25	6.17E-05
6.251	6.17E-05
6.252	6.17E-05
6.253	6.16E-05
6.254	6.15E-05
6.255	6.14E-05
6.256	6.12E-05
6.257	6.11E-05
6.258	6.09E-05
6.259	6.06E-05
6.26	6.04E-05
6.261	6.01E-05
6.262	5.98E-05
6.263	5.95E-05
6.264	5.91E-05
6.265	5.88E-05
6.266	5.84E-05
6.267	5.79E-05
6.268	5.75E-05
6.269	5.70E-05
6.27	5.65E-05
6.271	5.60E-05
6.272	5.54E-05
6.273	5.48E-05
6.274	5.42E-05
6.275	5.36E-05
6.276	5.29E-05
6.277	5.23E-05
6.278	5.15E-05
6.279	5.08E-05
6.28	5.01E-05
6.281	4.93E-05
6.282	4.85E-05
6.283	4.76E-05
6.284	4.68E-05
6.285	4.59E-05
6.286	4.50E-05
6.287	4.40E-05
6.288	4.31E-05
6.289	4.21E-05
6.29	4.11E-05
6.291	4.00E-05
6.292	3.90E-05
6.293	3.79E-05
6.294	3.68E-05
6.295	3.56E-05
6.296	3.45E-05
6.297	3.33E-05
6.298	3.21E-05
6.299	3.08E-05
6.3	2.96E-05
6.301	2.83E-05
6.302	2.70E-05
6.303	2.56E-05
6.304	2.43E-05
6.305	2.29E-05
6.306	2.15E-05
6.307	2.00E-05
6.308	1.86E-05
6.309	1.71E-05
6.31	1.55E-05
6.311	1.40E-05
6.312	1.24E-05
6.313	1.09E-05
6.314	9.24E-06
6.315	7.60E-06
6.316	5.93E-06
6.317	4.24E-06
6.318	2.52E-06
6.319	7.82E-07
6.32	9.48E-07
6.321	2.64E-06
6.322	4.30E-06
6.323	5.94E-06
6.324	7.55E-06
6.325	9.14E-06
6.326	1.07E-05
6.327	1.22E-05
6.328	1.37E-05
6.329	1.52E-05
6.33	1.67E-05
6.331	1.81E-05
6.332	1.95E-05
6.333	2.09E-05
6.334	2.23E-05
6.335	2.36E-05
6.336	2.49E-05
6.337	2.62E-05
6.338	2.75E-05
6.339	2.87E-05
6.34	3.00E-05
6.341	3.11E-05
6.342	3.23E-05
6.343	3.34E-05
6.344	3.46E-05
6.345	3.56E-05
6.346	3.67E-05
6.347	3.77E-05
6.348	3.88E-05
6.349	3.98E-05
6.35	4.07E-05
6.351	4.17E-05
6.352	4.26E-05
6.353	4.35E-05
6.354	4.43E-05
6.355	4.52E-05
6.356	4.60E-05
6.357	4.68E-05
6.358	4.75E-05
6.359	4.83E-05
6.36	4.90E-05
6.361	4.97E-05
6.362	5.04E-05
6.363	5.10E-05
6.364	5.16E-05
6.365	5.22E-05
6.366	5.28E-05
6.367	5.33E-05
6.368	5.38E-05
6.369	5.43E-05
6.37	5.48E-05
6.371	5.53E-05
6.372	5.57E-05
6.373	5.61E-05
6.374	5.64E-05
6.375	5.68E-05
6.376	5.71E-05
6.377	5.74E-05
6.378	5.77E-05
6.379	5.79E-05
6.38	5.82E-05
6.381	5.84E-05
6.382	5.85E-05
6.383	5.87E-05
6.384	5.88E-05
6.385	5.89E-05
6.386	5.90E-05
6.387	5.90E-05
6.388	5.91E-05
6.389	5.91E-05
6.39	5.91E-05
6.391	5.90E-05
6.392	5.89E-05
6.393	5.88E-05
6.394	5.87E-05
6.395	5.86E-05
6.396	5.84E-05
6.397	5.82E-05
6.398	5.80E-05
6.399	5.78E-05
6.4	5.75E-05
6.401	5.72E-05
6.402	5.69E-05
6.403	5.66E-05
6.404	5.62E-05
6.405	5.58E-05
6.406	5.54E-05
6.407	5.50E-05
6.408	5.45E-05
6.409	5.40E-05
6.41	5.35E-05
6.411	5.30E-05
6.412	5.24E-05
6.413	5.18E-05
6.414	5.12E-05
6.415	5.06E-05
6.416	4.99E-05
6.417	4.93E-05
6.418	4.85E-05
6.419	4.78E-05
6.42	4.71E-05
6.421	4.63E-05
6.422	4.55E-05
6.423	4.47E-05
6.424	4.38E-05
6.425	4.29E-05
6.426	4.20E-05
6.427	4.11E-05
6.428	4.02E-05
6.429	3.92E-05
6.43	3.82E-05
6.431	3.72E-05
6.432	3.61E-05
6.433	3.51E-05
6.434	3.40E-05
6.435	3.29E-05
6.436	3.17E-05
6.437	3.06E-05
6.438	2.94E-05
6.439	2.82E-05
6.44	2.69E-05
6.441	2.57E-05
6.442	2.44E-05
6.443	2.31E-05
6.444	2.17E-05
6.445	2.04E-05
6.446	1.90E-05
6.447	1.76E-05
6.448	1.62E-05
6.449	1.47E-05
6.45	1.32E-05
6.451	1.17E-05
6.452	1.02E-05
6.453	8.67E-06
6.454	7.09E-06
6.455	5.50E-06
6.456	3.88E-06
6.457	2.23E-06
6.458	5.62E-07
6.459	1.09E-06
6.46	2.70E-06
6.461	4.29E-06
6.462	5.86E-06
6.463	7.40E-06
6.464	8.92E-06
6.465	1.04E-05
6.466	1.19E-05
6.467	1.33E-05
6.468	1.47E-05
6.469	1.61E-05
6.47	1.75E-05
6.471	1.89E-05
6.472	2.02E-05
6.473	2.15E-05
6.474	2.28E-05
6.475	2.40E-05
6.476	2.53E-05
6.477	2.65E-05
6.478	2.77E-05
6.479	2.88E-05
6.48	2.99E-05
6.481	3.11E-05
6.482	3.21E-05
6.483	3.32E-05
6.484	3.43E-05
6.485	3.53E-05
6.486	3.63E-05
6.487	3.72E-05
6.488	3.82E-05
6.489	3.91E-05
6.49	4.00E-05
6.491	4.09E-05
6.492	4.17E-05
6.493	4.25E-05
6.494	4.34E-05
6.495	4.41E-05
6.496	4.49E-05
6.497	4.56E-05
6.498	4.63E-05
6.499	4.70E-05
6.5	4.77E-05
6.501	4.83E-05
6.502	4.89E-05
6.503	4.95E-05
6.504	5.01E-05
6.505	5.06E-05
6.506	5.11E-05
6.507	5.16E-05
6.508	5.21E-05
6.509	5.26E-05
6.51	5.30E-05
6.511	5.34E-05
6.512	5.38E-05
6.513	5.41E-05
6.514	5.44E-05
6.515	5.47E-05
6.516	5.50E-05
6.517	5.53E-05
6.518	5.55E-05
6.519	5.57E-05
6.52	5.59E-05
6.521	5.61E-05
6.522	5.62E-05
6.523	5.63E-05
6.524	5.64E-05
6.525	5.65E-05
6.526	5.66E-05
6.527	5.66E-05
6.528	5.66E-05
6.529	5.66E-05
6.53	5.65E-05
6.531	5.64E-05
6.532	5.64E-05
6.533	5.62E-05
6.534	5.61E-05
6.535	5.59E-05
6.536	5.57E-05
6.537	5.55E-05
6.538	5.53E-05
6.539	5.50E-05
6.54	5.48E-05
6.541	5.45E-05
6.542	5.41E-05
6.543	5.38E-05
6.544	5.34E-05
6.545	5.30E-05
6.546	5.26E-05
6.547	5.22E-05
6.548	5.17E-05
6.549	5.12E-05
6.55	5.07E-05
6.551	5.01E-05
6.552	4.96E-05
6.553	4.90E-05
6.554	4.84E-05
6.555	4.78E-05
6.556	4.71E-05
6.557	4.64E-05
6.558	4.57E-05
6.559	4.50E-05
6.56	4.43E-05
6.561	4.35E-05
6.562	4.27E-05
6.563	4.19E-05
6.564	4.10E-05
6.565	4.02E-05
6.566	3.93E-05
6.567	3.84E-05
6.568	3.75E-05
6.569	3.65E-05
6.57	3.55E-05
6.571	3.45E-05
6.572	3.35E-05
6.573	3.24E-05
6.574	3.14E-05
6.575	3.03E-05
6.576	2.92E-05
6.577	2.80E-05
6.578	2.69E-05
6.579	2.57E-05
6.58	2.45E-05
6.581	2.32E-05
6.582	2.20E-05
6.583	2.07E-05
6.584	1.94E-05
6.585	1.81E-05
6.586	1.67E-05
6.587	1.53E-05
6.588	1.39E-05
6.589	1.25E-05
6.59	1.11E-05
6.591	9.62E-06
6.592	8.14E-06
6.593	6.63E-06
6.594	5.10E-06
6.595	3.54E-06
6.596	1.96E-06
6.597	3.59E-07
6.598	1.22E-06
6.599	2.76E-06
6.6	4.28E-06
6.601	5.78E-06
6.602	7.26E-06
6.603	8.71E-06
6.604	1.01E-05
6.605	1.15E-05
6.606	1.29E-05
6.607	1.43E-05
6.608	1.56E-05
6.609	1.69E-05
6.61	1.82E-05
6.611	1.95E-05
6.612	2.07E-05
6.613	2.20E-05
6.614	2.32E-05
6.615	2.43E-05
6.616	2.55E-05
6.617	2.66E-05
6.618	2.77E-05
6.619	2.88E-05
6.62	2.99E-05
6.621	3.09E-05
6.622	3.20E-05
6.623	3.29E-05
6.624	3.39E-05
6.625	3.49E-05
6.626	3.58E-05
6.627	3.67E-05
6.628	3.76E-05
6.629	3.84E-05
6.63	3.93E-05
6.631	4.01E-05
6.632	4.09E-05
6.633	4.16E-05
6.634	4.24E-05
6.635	4.31E-05
6.636	4.38E-05
6.637	4.45E-05
6.638	4.51E-05
6.639	4.58E-05
6.64	4.64E-05
6.641	4.70E-05
6.642	4.75E-05
6.643	4.81E-05
6.644	4.86E-05
6.645	4.91E-05
6.646	4.96E-05
6.647	5.00E-05
6.648	5.04E-05
6.649	5.08E-05
6.65	5.12E-05
6.651	5.16E-05
6.652	5.19E-05
6.653	5.22E-05
6.654	5.25E-05
6.655	5.28E-05
6.656	5.30E-05
6.657	5.33E-05
6.658	5.35E-05
6.659	5.36E-05
6.66	5.38E-05
6.661	5.39E-05
6.662	5.40E-05
6.663	5.41E-05
6.664	5.42E-05
6.665	5.42E-05
6.666	5.43E-05
6.667	5.43E-05
6.668	5.42E-05
6.669	5.42E-05
6.67	5.41E-05
6.671	5.40E-05
6.672	5.39E-05
6.673	5.38E-05
6.674	5.36E-05
6.675	5.34E-05
6.676	5.32E-05
6.677	5.30E-05
6.678	5.28E-05
6.679	5.25E-05
6.68	5.22E-05
6.681	5.19E-05
6.682	5.15E-05
6.683	5.12E-05
6.684	5.08E-05
6.685	5.04E-05
6.686	5.00E-05
6.687	4.95E-05
6.688	4.90E-05
6.689	4.85E-05
6.69	4.80E-05
6.691	4.75E-05
6.692	4.69E-05
6.693	4.63E-05
6.694	4.57E-05
6.695	4.51E-05
6.696	4.44E-05
6.697	4.38E-05
6.698	4.31E-05
6.699	4.24E-05
6.7	4.16E-05
6.701	4.09E-05
6.702	4.01E-05
6.703	3.93E-05
6.704	3.84E-05
6.705	3.76E-05
6.706	3.67E-05
6.707	3.58E-05
6.708	3.49E-05
6.709	3.40E-05
6.71	3.30E-05
6.711	3.20E-05
6.712	3.10E-05
6.713	3.00E-05
6.714	2.89E-05
6.715	2.78E-05
6.716	2.67E-05
6.717	2.56E-05
6.718	2.45E-05
6.719	2.33E-05
6.72	2.21E-05
6.721	2.09E-05
6.722	1.97E-05
6.723	1.84E-05
6.724	1.72E-05
6.725	1.59E-05
6.726	1.46E-05
6.727	1.32E-05
6.728	1.19E-05
6.729	1.05E-05
6.73	9.07E-06
6.731	7.64E-06
6.732	6.19E-06
6.733	4.72E-06
6.734	3.23E-06
6.735	1.71E-06
6.736	1.72E-07
6.737	1.33E-06
6.738	2.81E-06
6.739	4.27E-06
6.74	5.70E-06
6.741	7.12E-06
6.742	8.51E-06
6.743	9.88E-06
6.744	1.12E-05
6.745	1.25E-05
6.746	1.39E-05
6.747	1.51E-05
6.748	1.64E-05
6.749	1.76E-05
6.75	1.88E-05
6.751	2.00E-05
6.752	2.12E-05
6.753	2.24E-05
6.754	2.35E-05
6.755	2.46E-05
6.756	2.57E-05
6.757	2.67E-05
6.758	2.78E-05
6.759	2.88E-05
6.76	2.98E-05
6.761	3.08E-05
6.762	3.17E-05
6.763	3.26E-05
6.764	3.36E-05
6.765	3.44E-05
6.766	3.53E-05
6.767	3.62E-05
6.768	3.70E-05
6.769	3.78E-05
6.77	3.86E-05
6.771	3.93E-05
6.772	4.00E-05
6.773	4.08E-05
6.774	4.14E-05
6.775	4.21E-05
6.776	4.28E-05
6.777	4.34E-05
6.778	4.40E-05
6.779	4.46E-05
6.78	4.51E-05
6.781	4.57E-05
6.782	4.62E-05
6.783	4.67E-05
6.784	4.71E-05
6.785	4.76E-05
6.786	4.80E-05
6.787	4.84E-05
6.788	4.88E-05
6.789	4.92E-05
6.79	4.95E-05
6.791	4.98E-05
6.792	5.01E-05
6.793	5.04E-05
6.794	5.07E-05
6.795	5.09E-05
6.796	5.11E-05
6.797	5.13E-05
6.798	5.15E-05
6.799	5.16E-05
6.8	5.18E-05
6.801	5.19E-05
6.802	5.19E-05
6.803	5.20E-05
6.804	5.20E-05
6.805	5.21E-05
6.806	5.21E-05
6.807	5.20E-05
6.808	5.20E-05
6.809	5.19E-05
6.81	5.18E-05
6.811	5.17E-05
6.812	5.16E-05
6.813	5.14E-05
6.814	5.13E-05
6.815	5.11E-05
6.816	5.08E-05
6.817	5.06E-05
6.818	5.03E-05
6.819	5.00E-05
6.82	4.97E-05
6.821	4.94E-05
6.822	4.91E-05
6.823	4.87E-05
6.824	4.83E-05
6.825	4.79E-05
6.826	4.75E-05
6.827	4.70E-05
6.828	4.65E-05
6.829	4.60E-05
6.83	4.55E-05
6.831	4.50E-05
6.832	4.44E-05
6.833	4.38E-05
6.834	4.32E-05
6.835	4.26E-05
6.836	4.19E-05
6.837	4.13E-05
6.838	4.06E-05
6.839	3.99E-05
6.84	3.91E-05
6.841	3.84E-05
6.842	3.76E-05
6.843	3.68E-05
6.844	3.60E-05
6.845	3.51E-05
6.846	3.43E-05
6.847	3.34E-05
6.848	3.25E-05
6.849	3.16E-05
6.85	3.06E-05
6.851	2.96E-05
6.852	2.86E-05
6.853	2.76E-05
6.854	2.66E-05
6.855	2.55E-05
6.856	2.45E-05
6.857	2.34E-05
6.858	2.23E-05
6.859	2.11E-05
6.86	2.00E-05
6.861	1.88E-05
6.862	1.76E-05
6.863	1.63E-05
6.864	1.51E-05
6.865	1.38E-05
6.866	1.25E-05
6.867	1.12E-05
6.868	9.91E-06
6.869	8.55E-06
6.87	7.18E-06
6.871	5.79E-06
6.872	4.37E-06
6.873	2.94E-06
6.874	1.48E-06
6.875	1.11E-15
6.876	1.44E-06
6.877	2.86E-06
6.878	4.25E-06
6.879	5.63E-06
6.88	6.98E-06
6.881	8.32E-06
6.882	9.63E-06
6.883	1.09E-05
6.884	1.22E-05
6.885	1.34E-05
6.886	1.47E-05
6.887	1.59E-05
6.888	1.71E-05
6.889	1.82E-05
6.89	1.94E-05
6.891	2.05E-05
6.892	2.16E-05
6.893	2.27E-05
6.894	2.37E-05
6.895	2.48E-05
6.896	2.58E-05
6.897	2.68E-05
6.898	2.78E-05
6.899	2.87E-05
6.9	2.96E-05
6.901	3.06E-05
6.902	3.15E-05
6.903	3.23E-05
6.904	3.32E-05
6.905	3.40E-05
6.906	3.48E-05
6.907	3.56E-05
6.908	3.64E-05
6.909	3.71E-05
6.91	3.78E-05
6.911	3.85E-05
6.912	3.92E-05
6.913	3.99E-05
6.914	4.05E-05
6.915	4.11E-05
6.916	4.17E-05
6.917	4.23E-05
6.918	4.29E-05
6.919	4.34E-05
6.92	4.39E-05
6.921	4.44E-05
6.922	4.49E-05
6.923	4.53E-05
6.924	4.58E-05
6.925	4.62E-05
6.926	4.66E-05
6.927	4.69E-05
6.928	4.73E-05
6.929	4.76E-05
6.93	4.79E-05
6.931	4.82E-05
6.932	4.85E-05
6.933	4.87E-05
6.934	4.89E-05
6.935	4.91E-05
6.936	4.93E-05
6.937	4.95E-05
6.938	4.96E-05
6.939	4.97E-05
6.94	4.98E-05
6.941	4.99E-05
6.942	5.00E-05
6.943	5.00E-05
6.944	5.00E-05
6.945	5.00E-05
6.946	5.00E-05
6.947	4.99E-05
6.948	4.99E-05
6.949	4.98E-05
6.95	4.97E-05
6.951	4.95E-05
6.952	4.94E-05
6.953	4.92E-05
6.954	4.90E-05
6.955	4.88E-05
6.956	4.86E-05
6.957	4.83E-05
6.958	4.80E-05
6.959	4.77E-05
6.96	4.74E-05
6.961	4.71E-05
6.962	4.67E-05
6.963	4.63E-05
6.964	4.60E-05
6.965	4.55E-05
6.966	4.51E-05
6.967	4.46E-05
6.968	4.41E-05
6.969	4.36E-05
6.97	4.31E-05
6.971	4.26E-05
6.972	4.20E-05
6.973	4.14E-05
6.974	4.08E-05
6.975	4.02E-05
6.976	3.96E-05
6.977	3.89E-05
6.978	3.82E-05
6.979	3.75E-05
6.98	3.68E-05
6.981	3.60E-05
6.982	3.53E-05
6.983	3.45E-05
6.984	3.37E-05
6.985	3.28E-05
6.986	3.20E-05
6.987	3.11E-05
6.988	3.02E-05
6.989	2.93E-05
6.99	2.84E-05
6.991	2.74E-05
6.992	2.64E-05
6.993	2.54E-05
6.994	2.44E-05
6.995	2.34E-05
6.996	2.23E-05
6.997	2.13E-05
6.998	2.02E-05
6.999	1.90E-05
7	1.79E-05
7.001	1.67E-05
7.002	1.56E-05
7.003	1.44E-05
7.004	1.32E-05
7.005	1.19E-05
7.006	1.07E-05
7.007	9.37E-06
7.008	8.07E-06
7.009	6.75E-06
7.01	5.41E-06
7.011	4.05E-06
7.012	2.67E-06
7.013	1.26E-06
7.014	1.55E-07
7.015	1.54E-06
7.016	2.90E-06
7.017	4.24E-06
7.018	5.56E-06
7.019	6.86E-06
7.02	8.14E-06
7.021	9.39E-06
7.022	1.06E-05
7.023	1.19E-05
7.024	1.30E-05
7.025	1.42E-05
7.026	1.54E-05
7.027	1.65E-05
7.028	1.76E-05
7.029	1.87E-05
7.03	1.98E-05
7.031	2.09E-05
7.032	2.19E-05
7.033	2.29E-05
7.034	2.39E-05
7.035	2.49E-05
7.036	2.58E-05
7.037	2.68E-05
7.038	2.77E-05
7.039	2.86E-05
7.04	2.95E-05
7.041	3.03E-05
7.042	3.12E-05
7.043	3.20E-05
7.044	3.28E-05
7.045	3.35E-05
7.046	3.43E-05
7.047	3.50E-05
7.048	3.57E-05
7.049	3.64E-05
7.05	3.71E-05
7.051	3.78E-05
7.052	3.84E-05
7.053	3.90E-05
7.054	3.96E-05
7.055	4.02E-05
7.056	4.07E-05
7.057	4.13E-05
7.058	4.18E-05
7.059	4.23E-05
7.06	4.27E-05
7.061	4.32E-05
7.062	4.36E-05
7.063	4.40E-05
7.064	4.44E-05
7.065	4.48E-05
7.066	4.51E-05
7.067	4.55E-05
7.068	4.58E-05
7.069	4.61E-05
7.07	4.63E-05
7.071	4.66E-05
7.072	4.68E-05
7.073	4.70E-05
7.074	4.72E-05
7.075	4.74E-05
7.076	4.76E-05
7.077	4.77E-05
7.078	4.78E-05
7.079	4.79E-05
7.08	4.80E-05
7.081	4.80E-05
7.082	4.80E-05
7.083	4.81E-05
7.084	4.81E-05
7.085	4.80E-05
7.086	4.80E-05
7.087	4.79E-05
7.088	4.78E-05
7.089	4.77E-05
7.09	4.76E-05
7.091	4.74E-05
7.092	4.73E-05
7.093	4.71E-05
7.094	4.69E-05
7.095	4.67E-05
7.096	4.64E-05
7.097	4.61E-05
7.098	4.59E-05
7.099	4.55E-05
7.1	4.52E-05
7.101	4.49E-05
7.102	4.45E-05
7.103	4.41E-05
7.104	4.37E-05
7.105	4.33E-05
7.106	4.28E-05
7.107	4.24E-05
7.108	4.19E-05
7.109	4.14E-05
7.11	4.09E-05
7.111	4.03E-05
7.112	3.98E-05
7.113	3.92E-05
7.114	3.86E-05
7.115	3.80E-05
7.116	3.73E-05
7.117	3.66E-05
7.118	3.60E-05
7.119	3.53E-05
7.12	3.45E-05
7.121	3.38E-05
7.122	3.30E-05
7.123	3.23E-05
7.124	3.15E-05
7.125	3.06E-05
7.126	2.98E-05
7.127	2.89E-05
7.128	2.81E-05
7.129	2.72E-05
7.13	2.62E-05
7.131	2.53E-05
7.132	2.43E-05
7.133	2.34E-05
7.134	2.24E-05
7.135	2.14E-05
7.136	2.03E-05
7.137	1.93E-05
7.138	1.82E-05
7.139	1.71E-05
7.14	1.60E-05
7.141	1.48E-05
7.142	1.37E-05
7.143	1.25E-05
7.144	1.13E-05
7.145	1.01E-05
7.146	8.87E-06
7.147	7.62E-06
7.148	6.35E-06
7.149	5.06E-06
7.15	3.74E-06
7.151	2.41E-06
7.152	1.06E-06
7.153	2.97E-07
7.154	1.62E-06
7.155	2.93E-06
7.156	4.22E-06
7.157	5.48E-06
7.158	6.73E-06
7.159	7.96E-06
7.16	9.17E-06
7.161	1.04E-05
7.162	1.15E-05
7.163	1.27E-05
7.164	1.38E-05
7.165	1.49E-05
7.166	1.60E-05
7.167	1.71E-05
7.168	1.81E-05
7.169	1.92E-05
7.17	2.02E-05
7.171	2.12E-05
7.172	2.22E-05
7.173	2.31E-05
7.174	2.40E-05
7.175	2.50E-05
7.176	2.59E-05
7.177	2.67E-05
7.178	2.76E-05
7.179	2.84E-05
7.18	2.93E-05
7.181	3.01E-05
7.182	3.08E-05
7.183	3.16E-05
7.184	3.23E-05
7.185	3.31E-05
7.186	3.38E-05
7.187	3.44E-05
7.188	3.51E-05
7.189	3.58E-05
7.19	3.64E-05
7.191	3.70E-05
7.192	3.76E-05
7.193	3.81E-05
7.194	3.87E-05
7.195	3.92E-05
7.196	3.97E-05
7.197	4.02E-05
7.198	4.07E-05
7.199	4.11E-05
7.2	4.16E-05
7.201	4.20E-05
7.202	4.24E-05
7.203	4.28E-05
7.204	4.31E-05
7.205	4.35E-05
7.206	4.38E-05
7.207	4.41E-05
7.208	4.43E-05
7.209	4.46E-05
7.21	4.48E-05
7.211	4.51E-05
7.212	4.53E-05
7.213	4.55E-05
7.214	4.56E-05
7.215	4.58E-05
7.216	4.59E-05
7.217	4.60E-05
7.218	4.61E-05
7.219	4.61E-05
7.22	4.62E-05
7.221	4.62E-05
7.222	4.62E-05
7.223	4.62E-05
7.224	4.62E-05
7.225	4.61E-05
7.226	4.61E-05
7.227	4.60E-05
7.228	4.59E-05
7.229	4.58E-05
7.23	4.56E-05
7.231	4.55E-05
7.232	4.53E-05
7.233	4.51E-05
7.234	4.49E-05
7.235	4.46E-05
7.236	4.44E-05
7.237	4.41E-05
7.238	4.38E-05
7.239	4.35E-05
7.24	4.31E-05
7.241	4.28E-05
7.242	4.24E-05
7.243	4.20E-05
7.244	4.16E-05
7.245	4.12E-05
7.246	4.07E-05
7.247	4.03E-05
7.248	3.98E-05
7.249	3.93E-05
7.25	3.87E-05
7.251	3.82E-05
7.252	3.76E-05
7.253	3.70E-05
7.254	3.64E-05
7.255	3.58E-05
7.256	3.52E-05
7.257	3.45E-05
7.258	3.38E-05
7.259	3.32E-05
7.26	3.24E-05
7.261	3.17E-05
7.262	3.09E-05
7.263	3.02E-05
7.264	2.94E-05
7.265	2.86E-05
7.266	2.77E-05
7.267	2.69E-05
7.268	2.60E-05
7.269	2.51E-05
7.27	2.42E-05
7.271	2.33E-05
7.272	2.24E-05
7.273	2.14E-05
7.274	2.04E-05
7.275	1.94E-05
7.276	1.84E-05
7.277	1.74E-05
7.278	1.63E-05
7.279	1.52E-05
7.28	1.42E-05
7.281	1.30E-05
7.282	1.19E-05
7.283	1.08E-05
7.284	9.59E-06
7.285	8.40E-06
7.286	7.19E-06
7.287	5.97E-06
7.288	4.72E-06
7.289	3.46E-06
7.29	2.18E-06
7.291	8.78E-07
7.292	4.29E-07
7.293	1.70E-06
7.294	2.96E-06
7.295	4.19E-06
7.296	5.41E-06
7.297	6.61E-06
7.298	7.79E-06
7.299	8.95E-06
7.3	1.01E-05
7.301	1.12E-05
7.302	1.23E-05
7.303	1.34E-05
7.304	1.45E-05
7.305	1.55E-05
7.306	1.66E-05
7.307	1.76E-05
7.308	1.86E-05
7.309	1.95E-05
7.31	2.05E-05
7.311	2.14E-05
7.312	2.23E-05
7.313	2.32E-05
7.314	2.41E-05
7.315	2.50E-05
7.316	2.58E-05
7.317	2.67E-05
7.318	2.75E-05
7.319	2.82E-05
7.32	2.90E-05
7.321	2.98E-05
7.322	3.05E-05
7.323	3.12E-05
7.324	3.19E-05
7.325	3.26E-05
7.326	3.32E-05
7.327	3.39E-05
7.328	3.45E-05
7.329	3.51E-05
7.33	3.57E-05
7.331	3.62E-05
7.332	3.68E-05
7.333	3.73E-05
7.334	3.78E-05
7.335	3.83E-05
7.336	3.88E-05
7.337	3.92E-05
7.338	3.97E-05
7.339	4.01E-05
7.34	4.05E-05
7.341	4.08E-05
7.342	4.12E-05
7.343	4.15E-05
7.344	4.19E-05
7.345	4.22E-05
7.346	4.25E-05
7.347	4.27E-05
7.348	4.30E-05
7.349	4.32E-05
7.35	4.34E-05
7.351	4.36E-05
7.352	4.38E-05
7.353	4.39E-05
7.354	4.41E-05
7.355	4.42E-05
7.356	4.43E-05
7.357	4.44E-05
7.358	4.44E-05
7.359	4.45E-05
7.36	4.45E-05
7.361	4.45E-05
7.362	4.45E-05
7.363	4.45E-05
7.364	4.44E-05
7.365	4.43E-05
7.366	4.43E-05
7.367	4.42E-05
7.368	4.40E-05
7.369	4.39E-05
7.37	4.37E-05
7.371	4.36E-05
7.372	4.34E-05
7.373	4.32E-05
7.374	4.29E-05
7.375	4.27E-05
7.376	4.24E-05
7.377	4.21E-05
7.378	4.18E-05
7.379	4.15E-05
7.38	4.11E-05
7.381	4.08E-05
7.382	4.04E-05
7.383	4.00E-05
7.384	3.96E-05
7.385	3.92E-05
7.386	3.87E-05
7.387	3.82E-05
7.388	3.77E-05
7.389	3.72E-05
7.39	3.67E-05
7.391	3.62E-05
7.392	3.56E-05
7.393	3.50E-05
7.394	3.44E-05
7.395	3.38E-05
7.396	3.32E-05
7.397	3.25E-05
7.398	3.18E-05
7.399	3.11E-05
7.4	3.04E-05
7.401	2.97E-05
7.402	2.90E-05
7.403	2.82E-05
7.404	2.74E-05
7.405	2.66E-05
7.406	2.58E-05
7.407	2.50E-05
7.408	2.41E-05
7.409	2.32E-05
7.41	2.23E-05
7.411	2.14E-05
7.412	2.05E-05
7.413	1.96E-05
7.414	1.86E-05
7.415	1.76E-05
7.416	1.66E-05
7.417	1.56E-05
7.418	1.46E-05
7.419	1.35E-05
7.42	1.24E-05
7.421	1.13E-05
7.422	1.02E-05
7.423	9.11E-06
7.424	7.96E-06
7.425	6.80E-06
7.426	5.61E-06
7.427	4.41E-06
7.428	3.20E-06
7.429	1.96E-06
7.43	7.05E-07
7.431	5.50E-07
7.432	1.78E-06
7.433	2.98E-06
7.434	4.17E-06
7.435	5.34E-06
7.436	6.50E-06
7.437	7.63E-06
7.438	8.75E-06
7.439	9.85E-06
7.44	1.09E-05
7.441	1.20E-05
7.442	1.30E-05
7.443	1.41E-05
7.444	1.51E-05
7.445	1.61E-05
7.446	1.70E-05
7.447	1.80E-05
7.448	1.89E-05
7.449	1.98E-05
7.45	2.07E-05
7.451	2.16E-05
7.452	2.25E-05
7.453	2.33E-05
7.454	2.42E-05
7.455	2.50E-05
7.456	2.58E-05
7.457	2.65E-05
7.458	2.73E-05
7.459	2.80E-05
7.46	2.87E-05
7.461	2.95E-05
7.462	3.01E-05
7.463	3.08E-05
7.464	3.14E-05
7.465	3.21E-05
7.466	3.27E-05
7.467	3.33E-05
7.468	3.39E-05
7.469	3.44E-05
7.47	3.50E-05
7.471	3.55E-05
7.472	3.60E-05
7.473	3.65E-05
7.474	3.69E-05
7.475	3.74E-05
7.476	3.78E-05
7.477	3.82E-05
7.478	3.86E-05
7.479	3.90E-05
7.48	3.94E-05
7.481	3.97E-05
7.482	4.01E-05
7.483	4.04E-05
7.484	4.07E-05
7.485	4.09E-05
7.486	4.12E-05
7.487	4.14E-05
7.488	4.16E-05
7.489	4.18E-05
7.49	4.20E-05
7.491	4.22E-05
7.492	4.23E-05
7.493	4.25E-05
7.494	4.26E-05
7.495	4.27E-05
7.496	4.27E-05
7.497	4.28E-05
7.498	4.28E-05
7.499	4.29E-05
7.5	4.29E-05
7.501	4.29E-05
7.502	4.28E-05
7.503	4.28E-05
7.504	4.27E-05
7.505	4.26E-05
7.506	4.25E-05
7.507	4.24E-05
7.508	4.23E-05
7.509	4.21E-05
7.51	4.19E-05
7.511	4.18E-05
7.512	4.15E-05
7.513	4.13E-05
7.514	4.11E-05
7.515	4.08E-05
7.516	4.05E-05
7.517	4.02E-05
7.518	3.99E-05
7.519	3.96E-05
7.52	3.92E-05
7.521	3.89E-05
7.522	3.85E-05
7.523	3.81E-05
7.524	3.77E-05
7.525	3.72E-05
7.526	3.68E-05
7.527	3.63E-05
7.528	3.58E-05
7.529	3.53E-05
7.53	3.48E-05
7.531	3.42E-05
7.532	3.37E-05
7.533	3.31E-05
7.534	3.25E-05
7.535	3.19E-05
7.536	3.12E-05
7.537	3.06E-05
7.538	2.99E-05
7.539	2.92E-05
7.54	2.85E-05
7.541	2.78E-05
7.542	2.71E-05
7.543	2.63E-05
7.544	2.56E-05
7.545	2.48E-05
7.546	2.40E-05
7.547	2.31E-05
7.548	2.23E-05
7.549	2.14E-05
7.55	2.06E-05
7.551	1.97E-05
7.552	1.87E-05
7.553	1.78E-05
7.554	1.69E-05
7.555	1.59E-05
7.556	1.49E-05
7.557	1.39E-05
7.558	1.29E-05
7.559	1.19E-05
7.56	1.08E-05
7.561	9.74E-06
7.562	8.65E-06
7.563	7.55E-06
7.564	6.42E-06
7.565	5.28E-06
7.566	4.12E-06
7.567	2.95E-06
7.568	1.75E-06
7.569	5.44E-07
7.57	6.63E-07
7.571	1.84E-06
7.572	3.00E-06
7.573	4.15E-06
7.574	5.27E-06
7.575	6.38E-06
7.576	7.47E-06
7.577	8.55E-06
7.578	9.61E-06
7.579	1.06E-05
7.58	1.17E-05
7.581	1.27E-05
7.582	1.37E-05
7.583	1.46E-05
7.584	1.56E-05
7.585	1.65E-05
7.586	1.74E-05
7.587	1.83E-05
7.588	1.92E-05
7.589	2.01E-05
7.59	2.09E-05
7.591	2.18E-05
7.592	2.26E-05
7.593	2.34E-05
7.594	2.42E-05
7.595	2.49E-05
7.596	2.57E-05
7.597	2.64E-05
7.598	2.71E-05
7.599	2.78E-05
7.6	2.85E-05
7.601	2.91E-05
7.602	2.98E-05
7.603	3.04E-05
7.604	3.10E-05
7.605	3.16E-05
7.606	3.21E-05
7.607	3.27E-05
7.608	3.32E-05
7.609	3.38E-05
7.61	3.43E-05
7.611	3.47E-05
7.612	3.52E-05
7.613	3.57E-05
7.614	3.61E-05
7.615	3.65E-05
7.616	3.69E-05
7.617	3.73E-05
7.618	3.77E-05
7.619	3.80E-05
7.62	3.83E-05
7.621	3.86E-05
7.622	3.89E-05
7.623	3.92E-05
7.624	3.95E-05
7.625	3.97E-05
7.626	3.99E-05
7.627	4.02E-05
7.628	4.03E-05
7.629	4.05E-05
7.63	4.07E-05
7.631	4.08E-05
7.632	4.09E-05
7.633	4.10E-05
7.634	4.11E-05
7.635	4.12E-05
7.636	4.13E-05
7.637	4.13E-05
7.638	4.13E-05
7.639	4.13E-05
7.64	4.13E-05
7.641	4.13E-05
7.642	4.12E-05
7.643	4.12E-05
7.644	4.11E-05
7.645	4.10E-05
7.646	4.09E-05
7.647	4.07E-05
7.648	4.06E-05
7.649	4.04E-05
7.65	4.02E-05
7.651	4.00E-05
7.652	3.98E-05
7.653	3.96E-05
7.654	3.93E-05
7.655	3.90E-05
7.656	3.88E-05
7.657	3.85E-05
7.658	3.81E-05
7.659	3.78E-05
7.66	3.74E-05
7.661	3.71E-05
7.662	3.67E-05
7.663	3.63E-05
7.664	3.58E-05
7.665	3.54E-05
7.666	3.49E-05
7.667	3.45E-05
7.668	3.40E-05
7.669	3.35E-05
7.67	3.29E-05
7.671	3.24E-05
7.672	3.18E-05
7.673	3.13E-05
7.674	3.07E-05
7.675	3.01E-05
7.676	2.94E-05
7.677	2.88E-05
7.678	2.81E-05
7.679	2.74E-05
7.68	2.67E-05
7.681	2.60E-05
7.682	2.53E-05
7.683	2.46E-05
7.684	2.38E-05
7.685	2.30E-05
7.686	2.22E-05
7.687	2.14E-05
7.688	2.06E-05
7.689	1.97E-05
7.69	1.89E-05
7.691	1.80E-05
7.692	1.71E-05
7.693	1.62E-05
7.694	1.52E-05
7.695	1.43E-05
7.696	1.33E-05
7.697	1.23E-05
7.698	1.13E-05
7.699	1.03E-05
7.7	9.27E-06
7.701	8.22E-06
7.702	7.15E-06
7.703	6.07E-06
7.704	4.97E-06
7.705	3.85E-06
7.706	2.71E-06
7.707	1.56E-06
7.708	3.93E-07
7.709	7.66E-07
7.71	1.90E-06
7.711	3.02E-06
7.712	4.12E-06
7.713	5.21E-06
7.714	6.27E-06
7.715	7.33E-06
7.716	8.36E-06
7.717	9.38E-06
7.718	1.04E-05
7.719	1.14E-05
7.72	1.23E-05
7.721	1.33E-05
7.722	1.42E-05
7.723	1.51E-05
7.724	1.60E-05
7.725	1.69E-05
7.726	1.78E-05
7.727	1.86E-05
7.728	1.95E-05
7.729	2.03E-05
7.73	2.11E-05
7.731	2.19E-05
7.732	2.26E-05
7.733	2.34E-05
7.734	2.41E-05
7.735	2.48E-05
7.736	2.55E-05
7.737	2.62E-05
7.738	2.69E-05
7.739	2.75E-05
7.74	2.82E-05
7.741	2.88E-05
7.742	2.94E-05
7.743	3.00E-05
7.744	3.05E-05
7.745	3.11E-05
7.746	3.16E-05
7.747	3.21E-05
7.748	3.26E-05
7.749	3.31E-05
7.75	3.36E-05
7.751	3.40E-05
7.752	3.44E-05
7.753	3.49E-05
7.754	3.53E-05
7.755	3.56E-05
7.756	3.60E-05
7.757	3.64E-05
7.758	3.67E-05
7.759	3.70E-05
7.76	3.73E-05
7.761	3.76E-05
7.762	3.79E-05
7.763	3.81E-05
7.764	3.83E-05
7.765	3.86E-05
7.766	3.88E-05
7.767	3.89E-05
7.768	3.91E-05
7.769	3.93E-05
7.77	3.94E-05
7.771	3.95E-05
7.772	3.96E-05
7.773	3.97E-05
7.774	3.98E-05
7.775	3.98E-05
7.776	3.98E-05
7.777	3.99E-05
7.778	3.99E-05
7.779	3.98E-05
7.78	3.98E-05
7.781	3.98E-05
7.782	3.97E-05
7.783	3.96E-05
7.784	3.95E-05
7.785	3.94E-05
7.786	3.93E-05
7.787	3.91E-05
7.788	3.90E-05
7.789	3.88E-05
7.79	3.86E-05
7.791	3.84E-05
7.792	3.81E-05
7.793	3.79E-05
7.794	3.76E-05
7.795	3.74E-05
7.796	3.71E-05
7.797	3.67E-05
7.798	3.64E-05
7.799	3.61E-05
7.8	3.57E-05
7.801	3.53E-05
7.802	3.49E-05
7.803	3.45E-05
7.804	3.41E-05
7.805	3.37E-05
7.806	3.32E-05
7.807	3.27E-05
7.808	3.22E-05
7.809	3.17E-05
7.81	3.12E-05
7.811	3.07E-05
7.812	3.01E-05
7.813	2.95E-05
7.814	2.89E-05
7.815	2.83E-05
7.816	2.77E-05
7.817	2.71E-05
7.818	2.64E-05
7.819	2.57E-05
7.82	2.50E-05
7.821	2.43E-05
7.822	2.36E-05
7.823	2.29E-05
7.824	2.21E-05
7.825	2.13E-05
7.826	2.06E-05
7.827	1.98E-05
7.828	1.89E-05
7.829	1.81E-05
7.83	1.72E-05
7.831	1.64E-05
7.832	1.55E-05
7.833	1.46E-05
7.834	1.37E-05
7.835	1.27E-05
7.836	1.18E-05
7.837	1.08E-05
7.838	9.83E-06
7.839	8.83E-06
7.84	7.82E-06
7.841	6.79E-06
7.842	5.74E-06
7.843	4.67E-06
7.844	3.59E-06
7.845	2.50E-06
7.846	1.38E-06
7.847	2.53E-07
7.848	8.62E-07
7.849	1.96E-06
7.85	3.03E-06
7.851	4.09E-06
7.852	5.14E-06
7.853	6.17E-06
7.854	7.18E-06
7.855	8.18E-06
7.856	9.16E-06
7.857	1.01E-05
7.858	1.11E-05
7.859	1.20E-05
7.86	1.29E-05
7.861	1.38E-05
7.862	1.47E-05
7.863	1.56E-05
7.864	1.64E-05
7.865	1.73E-05
7.866	1.81E-05
7.867	1.89E-05
7.868	1.97E-05
7.869	2.04E-05
7.87	2.12E-05
7.871	2.19E-05
7.872	2.26E-05
7.873	2.33E-05
7.874	2.40E-05
7.875	2.47E-05
7.876	2.54E-05
7.877	2.60E-05
7.878	2.66E-05
7.879	2.72E-05
7.88	2.78E-05
7.881	2.84E-05
7.882	2.90E-05
7.883	2.95E-05
7.884	3.00E-05
7.885	3.06E-05
7.886	3.11E-05
7.887	3.15E-05
7.888	3.20E-05
7.889	3.24E-05
7.89	3.29E-05
7.891	3.33E-05
7.892	3.37E-05
7.893	3.41E-05
7.894	3.44E-05
7.895	3.48E-05
7.896	3.51E-05
7.897	3.54E-05
7.898	3.58E-05
7.899	3.60E-05
7.9	3.63E-05
7.901	3.66E-05
7.902	3.68E-05
7.903	3.70E-05
7.904	3.72E-05
7.905	3.74E-05
7.906	3.76E-05
7.907	3.78E-05
7.908	3.79E-05
7.909	3.80E-05
7.91	3.81E-05
7.911	3.82E-05
7.912	3.83E-05
7.913	3.84E-05
7.914	3.84E-05
7.915	3.85E-05
7.916	3.85E-05
7.917	3.85E-05
7.918	3.85E-05
7.919	3.84E-05
7.92	3.84E-05
7.921	3.83E-05
7.922	3.82E-05
7.923	3.81E-05
7.924	3.80E-05
7.925	3.79E-05
7.926	3.78E-05
7.927	3.76E-05
7.928	3.74E-05
7.929	3.72E-05
7.93	3.70E-05
7.931	3.68E-05
7.932	3.66E-05
7.933	3.63E-05
7.934	3.60E-05
7.935	3.57E-05
7.936	3.54E-05
7.937	3.51E-05
7.938	3.48E-05
7.939	3.44E-05
7.94	3.41E-05
7.941	3.37E-05
7.942	3.33E-05
7.943	3.29E-05
7.944	3.24E-05
7.945	3.20E-05
7.946	3.15E-05
7.947	3.11E-05
7.948	3.06E-05
7.949	3.01E-05
7.95	2.95E-05
7.951	2.90E-05
7.952	2.84E-05
7.953	2.79E-05
7.954	2.73E-05
7.955	2.67E-05
7.956	2.60E-05
7.957	2.54E-05
7.958	2.48E-05
7.959	2.41E-05
7.96	2.34E-05
7.961	2.27E-05
7.962	2.20E-05
7.963	2.13E-05
7.964	2.05E-05
7.965	1.98E-05
7.966	1.90E-05
7.967	1.82E-05
7.968	1.74E-05
7.969	1.66E-05
7.97	1.57E-05
7.971	1.49E-05
7.972	1.40E-05
7.973	1.31E-05
7.974	1.22E-05
7.975	1.13E-05
7.976	1.03E-05
7.977	9.39E-06
7.978	8.42E-06
7.979	7.44E-06
7.98	6.44E-06
7.981	5.43E-06
7.982	4.40E-06
7.983	3.35E-06
7.984	2.29E-06
7.985	1.21E-06
7.986	1.22E-07
7.987	9.51E-07
7.988	2.01E-06
7.989	3.04E-06
7.99	4.07E-06
7.991	5.08E-06
7.992	6.07E-06
7.993	7.04E-06
7.994	8.00E-06
7.995	8.95E-06
7.996	9.88E-06
7.997	1.08E-05
7.998	1.17E-05
7.999	1.26E-05
8	1.34E-05
8.001	1.43E-05
8.002	1.51E-05
8.003	1.59E-05
8.004	1.68E-05
8.005	1.75E-05
8.006	1.83E-05
8.007	1.91E-05
8.008	1.98E-05
8.009	2.05E-05
8.01	2.12E-05
8.011	2.19E-05
8.012	2.26E-05
8.013	2.33E-05
8.014	2.39E-05
8.015	2.46E-05
8.016	2.52E-05
8.017	2.58E-05
8.018	2.64E-05
8.019	2.69E-05
8.02	2.75E-05
8.021	2.80E-05
8.022	2.86E-05
8.023	2.91E-05
8.024	2.96E-05
8.025	3.00E-05
8.026	3.05E-05
8.027	3.09E-05
8.028	3.14E-05
8.029	3.18E-05
8.03	3.22E-05
8.031	3.26E-05
8.032	3.29E-05
8.033	3.33E-05
8.034	3.36E-05
8.035	3.40E-05
8.036	3.43E-05
8.037	3.46E-05
8.038	3.48E-05
8.039	3.51E-05
8.04	3.53E-05
8.041	3.56E-05
8.042	3.58E-05
8.043	3.60E-05
8.044	3.62E-05
8.045	3.63E-05
8.046	3.65E-05
8.047	3.66E-05
8.048	3.67E-05
8.049	3.68E-05
8.05	3.69E-05
8.051	3.70E-05
8.052	3.71E-05
8.053	3.71E-05
8.054	3.71E-05
8.055	3.72E-05
8.056	3.72E-05
8.057	3.71E-05
8.058	3.71E-05
8.059	3.71E-05
8.06	3.70E-05
8.061	3.69E-05
8.062	3.68E-05
8.063	3.67E-05
8.064	3.66E-05
8.065	3.64E-05
8.066	3.63E-05
8.067	3.61E-05
8.068	3.59E-05
8.069	3.57E-05
8.07	3.55E-05
8.071	3.53E-05
8.072	3.50E-05
8.073	3.48E-05
8.074	3.45E-05
8.075	3.42E-05
8.076	3.39E-05
8.077	3.36E-05
8.078	3.32E-05
8.079	3.29E-05
8.08	3.25E-05
8.081	3.21E-05
8.082	3.17E-05
8.083	3.13E-05
8.084	3.09E-05
8.085	3.04E-05
8.086	2.99E-05
8.087	2.95E-05
8.088	2.90E-05
8.089	2.85E-05
8.09	2.79E-05
8.091	2.74E-05
8.092	2.68E-05
8.093	2.63E-05
8.094	2.57E-05
8.095	2.51E-05
8.096	2.45E-05
8.097	2.38E-05
8.098	2.32E-05
8.099	2.25E-05
8.1	2.19E-05
8.101	2.12E-05
8.102	2.05E-05
8.103	1.97E-05
8.104	1.90E-05
8.105	1.82E-05
8.106	1.75E-05
8.107	1.67E-05
8.108	1.59E-05
8.109	1.51E-05
8.11	1.43E-05
8.111	1.34E-05
8.112	1.26E-05
8.113	1.17E-05
8.114	1.08E-05
8.115	9.88E-06
8.116	8.96E-06
8.117	8.03E-06
8.118	7.08E-06
8.119	6.11E-06
8.12	5.13E-06
8.121	4.14E-06
8.122	3.12E-06
8.123	2.10E-06
8.124	1.06E-06
8.125	1.33E-15

